99
2
2 1
3
1 3 2
4
2 1 4 3
4
1 2 3 4
4
1 2 4 3
4
1 3 2 4
4
1 3 4 2
4
1 4 2 3
4
1 4 3 2
4
2 1 3 4
4
2 1 4 3
4
2 3 1 4
4
2 3 4 1
4
2 4 1 3
4
2 4 3 1
4
3 1 2 4
4
3 1 4 2
4
3 2 1 4
4
3 2 4 1
4
3 4 1 2
4
3 4 2 1
4
4 1 2 3
4
4 1 3 2
4
4 2 1 3
4
4 2 3 1
4
4 3 1 2
4
4 3 2 1
16
1 2 3 4 10 6 7 8 9 5 11 12 13 14 15 16
49
19 2 3 18 4 6 7 8 41 10 5 12 13 14 35 16 17 45 26 20 43 29 23 24 25 11 27 21 22 30 31 32 33 15 1 36 37 40 39 47 46 42 38 34 44 28 9 48 49
998
1 2 3 4 5 6 7 8 105 740 11 992 13 14 753 16 17 768 19 20 21 22 23 24 25 26 27 28 29 806 31 462 33 602 35 36 781 38 39 40 923 42 43 44 45 46 617 48 49 430 51 52 53 54 55 899 57 228 59 60 61 62 399 64 65 66 67 68 69 469 71 72 73 74 75 76 77 78 79 80 626 103 83 84 155 86 87 88 89 90 91 92 93 94 838 96 111 161 99 100 101 102 925 104 702 106 107 108 109 110 114 112 113 564 115 116 117 131 119 887 121 122 562 124 125 126 127 128 129 130 30 132 133 134 135 136 137 138 482 140 141 142 765 144 145 146 147 148 149 150 151 152 359 154 989 305 143 158 159 370 417 82 163 164 165 213 167 979 169 170 171 172 777 174 175 176 177 178 179 180 181 182 183 184 780 239 187 846 189 190 191 192 994 280 597 196 254 198 199 200 201 854 203 204 205 206 207 329 209 210 211 361 685 214 215 762 928 218 219 220 221 222 223 224 95 226 227 195 229 230 231 810 233 234 235 236 237 238 435 240 241 242 243 244 245 246 247 248 249 250 251 252 253 416 47 374 257 258 259 260 261 425 263 225 265 266 267 197 269 988 271 272 273 274 672 276 277 278 279 441 281 282 153 284 713 286 287 288 289 290 970 292 293 294 295 296 297 298 299 300 301 302 303 381 324 306 307 308 309 551 311 312 313 314 315 316 317 318 319 320 321 322 212 555 325 326 327 328 202 330 331 332 333 334 335 336 337 338 339 340 341 342 882 344 345 346 347 348 349 350 373 352 353 354 355 356 357 358 756 360 533 362 363 364 365 366 367 368 369 680 371 372 186 118 375 376 377 378 537 878 50 382 646 384 385 386 387 388 389 390 391 392 41 394 395 396 835 398 503 400 401 402 403 404 405 406 407 408 409 162 411 412 413 414 415 156 645 418 419 420 421 422 423 424 865 426 427 428 168 870 431 432 433 434 663 436 437 438 439 440 868 442 443 444 445 188 447 448 449 450 451 457 453 283 455 10 120 942 15 460 461 232 463 464 465 466 467 468 81 470 471 472 473 474 475 805 477 478 479 615 481 310 483 484 476 486 487 764 489 490 217 492 493 270 495 496 798 498 499 500 501 502 948 676 505 506 984 508 509 510 511 512 513 514 515 516 517 383 519 520 160 546 523 524 525 526 527 528 580 268 531 532 193 534 535 536 491 538 539 540 541 542 543 544 545 488 547 548 549 550 458 552 553 554 623 556 557 558 559 560 561 827 563 903 565 566 275 568 569 570 861 572 573 574 575 905 577 578 579 37 581 98 583 584 585 586 587 588 589 590 591 592 761 594 595 596 576 598 599 600 601 890 603 604 605 304 607 608 85 610 611 612 613 614 816 616 521 618 619 620 621 622 9 624 625 987 627 494 629 630 631 632 633 634 635 166 637 638 639 640 641 642 139 644 993 157 647 648 649 650 651 652 653 654 655 656 657 658 659 660 940 662 609 664 665 666 667 668 669 670 18 686 673 674 636 63 677 678 679 485 681 682 507 684 628 285 687 688 689 690 691 692 693 694 695 696 697 698 699 700 497 393 703 704 705 706 707 708 709 710 711 32 70 714 715 716 717 718 504 720 721 722 723 724 725 726 727 728 729 730 731 732 733 734 735 736 737 738 739 410 741 742 743 982 745 746 747 748 749 931 751 752 701 754 755 454 255 758 759 760 643 379 763 893 978 766 767 593 769 770 771 772 773 774 775 776 866 778 779 571 911 782 783 784 785 786 787 788 789 790 791 792 793 794 795 796 797 529 12 800 801 802 803 804 744 480 807 808 809 898 811 812 813 814 815 661 817 818 819 820 821 822 823 824 825 826 799 828 829 830 831 832 833 834 530 836 837 429 839 840 757 842 843 844 902 522 847 848 849 850 851 852 853 675 855 856 857 858 859 860 185 862 863 864 58 750 867 397 869 194 871 872 873 874 875 876 877 452 879 880 881 208 883 884 885 886 291 888 889 446 891 892 683 894 895 896 897 97 459 900 901 582 34 904 351 906 907 908 909 910 323 912 913 914 915 916 917 918 919 920 921 922 719 924 123 926 927 343 929 930 262 932 933 934 935 936 937 938 939 518 941 456 943 606 945 946 947 841 949 950 951 952 953 954 955 956 957 958 959 960 961 962 963 964 965 966 256 968 969 173 971 972 973 974 975 976 977 712 944 980 981 264 983 967 985 986 380 216 56 990 991 845 671 567 995 996 997 998
2
2 1
6
3 2 1 4 5 6
1000
1 919 3 4 5 847 7 8 9 170 11 12 13 14 910 424 17 538 19 20 21 22 297 24 25 34 785 28 544 30 31 32 33 26 35 36 276 38 551 40 100 42 43 44 155 46 167 48 49 50 829 52 53 341 55 56 57 701 59 60 61 62 63 64 712 66 67 68 69 70 71 336 73 561 75 76 77 140 79 80 81 82 83 189 85 745 87 88 89 90 91 92 882 94 95 96 97 98 99 41 442 102 312 104 105 106 107 108 109 110 570 112 113 114 115 116 117 118 119 120 391 122 123 720 125 126 127 128 129 130 131 132 133 134 135 136 137 659 139 78 141 142 143 144 145 146 147 148 149 150 151 152 759 154 45 156 157 158 159 160 161 192 163 164 165 166 47 168 169 10 171 172 173 174 175 176 177 178 179 180 181 182 183 184 185 186 805 188 84 190 191 162 193 194 195 196 197 198 658 200 201 202 203 204 205 206 207 208 209 210 211 212 920 214 215 216 217 218 219 220 221 222 223 224 225 226 691 381 229 230 231 232 233 661 235 236 237 238 988 240 241 242 243 498 245 806 247 248 249 250 251 252 253 254 255 256 257 258 259 641 261 262 263 264 265 437 267 268 269 270 271 272 273 490 275 37 277 278 279 280 281 282 283 284 285 286 287 288 289 290 291 292 293 294 558 296 23 298 299 300 301 302 303 304 305 348 439 308 309 310 311 103 313 601 315 316 317 318 319 320 321 322 323 324 871 326 327 328 329 330 331 332 333 334 335 72 337 338 339 580 54 342 594 344 803 346 347 306 349 350 351 639 353 354 355 356 399 358 359 360 361 362 363 364 365 366 367 368 369 370 371 372 373 374 375 376 377 389 511 380 228 843 383 384 385 386 387 388 378 390 121 392 393 692 395 396 397 398 357 400 401 540 403 404 615 406 407 408 409 410 650 436 413 414 415 416 417 418 419 420 421 422 423 16 425 778 934 428 429 972 431 432 433 434 435 412 266 438 307 440 441 101 443 444 445 446 447 448 449 450 451 452 961 454 455 456 457 458 459 460 461 462 463 464 465 466 467 468 469 738 664 472 473 474 475 476 477 478 479 480 481 482 483 484 485 486 770 488 489 274 491 492 493 494 495 496 948 244 499 500 509 502 503 504 505 506 507 508 501 510 379 512 584 514 515 516 517 518 519 520 521 522 523 524 525 526 527 528 529 530 531 532 533 534 535 536 537 18 539 402 541 542 543 29 545 546 547 548 549 550 39 552 553 554 678 556 557 295 559 560 74 562 563 564 565 566 567 568 569 111 708 572 573 697 575 576 577 578 579 340 581 582 583 513 585 586 587 588 940 590 591 592 593 343 595 596 597 598 599 600 314 602 603 604 605 976 607 608 609 610 611 612 613 614 405 616 617 618 619 620 621 622 623 819 625 626 627 628 629 630 631 632 633 634 635 636 637 638 352 640 260 642 643 644 645 646 647 648 649 411 651 652 653 654 655 656 657 199 138 660 234 662 663 471 665 666 667 668 669 670 671 672 673 674 675 676 677 555 679 680 681 682 683 684 685 686 687 688 689 690 227 394 693 694 695 696 574 698 699 700 58 702 703 704 705 706 707 571 709 710 859 65 713 714 715 716 717 718 719 124 891 722 723 724 725 726 727 907 729 730 731 732 733 734 735 990 737 470 739 740 741 742 743 744 86 746 747 748 749 750 751 752 753 754 755 756 757 814 153 760 761 762 763 764 765 766 767 768 769 487 771 772 773 774 775 776 777 426 779 780 781 782 783 784 27 786 787 788 789 790 791 792 793 794 795 796 797 798 799 800 801 802 345 804 187 246 807 808 809 810 811 812 813 758 815 816 817 818 624 928 821 822 823 824 825 826 827 828 51 830 831 832 833 834 835 836 837 838 839 840 841 842 382 844 845 846 6 848 849 850 851 852 853 854 855 856 857 858 711 860 861 862 863 864 865 866 867 868 869 870 325 872 873 874 875 876 877 878 879 880 881 93 883 884 993 886 887 888 889 890 721 892 893 894 895 896 897 898 899 900 901 902 903 987 905 906 728 908 909 15 911 912 913 914 915 916 917 918 2 213 921 922 923 924 925 926 927 820 929 930 931 932 933 427 935 936 937 938 939 589 941 942 943 944 945 946 947 497 949 950 951 952 953 954 955 956 957 958 959 960 453 962 963 964 965 966 967 968 969 996 971 430 973 974 975 606 977 978 979 980 981 982 983 984 985 986 904 239 989 736 991 992 885 994 995 970 997 998 999 1000
998
815 633 289 895 446 971 573 686 792 449 317 482 798 179 947 959 989 109 348 650 169 728 840 379 777 615 550 392 552 373 649 854 202 988 355 759 807 494 662 507 478 485 638 668 454 813 17 387 631 658 113 96 553 905 274 332 530 916 472 574 604 983 238 36 69 643 300 758 121 677 315 114 87 117 83 276 80 455 720 925 789 739 963 517 93 763 972 423 66 707 547 891 49 880 740 812 691 549 198 72 221 44 734 115 915 360 542 490 486 970 637 222 59 626 776 479 233 945 860 377 243 826 369 354 10 592 135 374 181 100 995 463 495 246 418 736 295 331 271 539 769 838 521 330 756 457 927 321 255 612 685 929 515 654 272 344 440 893 153 556 712 211 37 51 814 303 197 674 764 375 450 908 250 264 302 561 855 657 227 693 566 934 735 673 586 364 593 523 288 436 277 20 900 30 871 259 416 576 23 112 1 690 500 253 724 104 684 883 213 672 948 138 280 498 670 231 54 92 726 431 188 636 837 162 57 544 614 827 370 254 204 946 921 205 541 56 747 67 128 591 31 839 869 429 765 341 346 952 808 773 247 427 831 536 14 575 920 795 569 430 655 730 678 829 906 632 252 88 376 141 681 32 836 445 139 248 611 265 190 589 605 856 335 659 713 422 772 571 270 414 229 428 106 16 9 217 695 91 298 962 273 943 761 642 336 564 526 841 964 527 391 535 157 987 224 613 842 212 11 825 528 846 146 89 706 868 349 531 548 182 722 477 74 314 178 366 465 474 26 800 410 621 990 545 529 660 122 601 356 53 888 380 279 25 524 136 863 558 434 682 29 125 403 819 75 408 388 729 107 941 610 708 687 60 919 703 41 993 63 240 6 262 865 852 622 857 286 110 320 936 992 3 805 390 99 750 129 584 79 24 732 301 791 951 386 997 371 779 508 405 8 71 910 396 393 343 752 804 700 822 568 714 885 481 326 483 799 200 567 909 832 525 184 949 258 504 833 749 984 861 671 47 624 433 907 33 877 358 939 834 199 241 5 413 994 384 802 717 166 203 692 309 796 882 663 351 788 171 219 710 935 874 266 980 70 195 766 978 797 196 225 297 870 164 359 415 694 820 850 847 821 824 950 220 275 844 234 587 848 269 282 640 28 493 223 976 447 382 875 140 497 319 778 201 411 345 294 158 395 588 608 12 715 835 602 755 123 754 350 426 239 781 368 938 442 627 189 61 361 214 394 590 347 133 960 904 867 745 176 475 120 278 782 510 235 718 86 801 73 974 261 90 577 661 585 996 48 50 487 653 669 873 651 111 492 546 251 108 912 409 62 957 598 629 363 290 581 975 579 830 930 647 4 352 562 709 165 600 689 68 899 116 134 570 914 723 311 40 630 955 448 81 308 785 143 421 942 665 152 652 291 623 284 329 733 435 398 267 126 210 806 263 215 967 862 580 513 742 532 324 744 35 424 312 599 207 372 892 94 697 609 466 367 743 19 512 338 470 85 560 365 163 783 917 406 145 39 305 489 186 787 864 702 7 887 260 404 206 922 399 540 534 437 731 628 119 676 397 412 417 296 464 639 793 191 425 973 46 543 2 780 127 770 843 230 327 187 389 316 741 257 762 928 977 98 878 13 924 148 872 751 698 961 452 170 82 519 283 462 21 803 606 156 505 461 385 641 419 675 77 451 491 746 981 438 953 859 237 245 998 894 979 583 173 480 768 897 281 339 705 175 84 268 256 644 476 292 794 38 737 896 753 137 828 866 208 183 484 132 958 45 362 625 790 443 818 738 635 538 174 496 656 619 767 554 582 760 488 511 194 76 725 42 699 192 501 991 287 124 151 381 27 683 103 180 721 160 696 172 473 161 357 716 334 956 340 328 937 167 986 323 771 439 603 55 886 400 784 142 944 383 518 940 95 22 704 242 809 858 607 159 727 456 902 680 441 313 667 688 144 719 285 889 516 551 52 884 555 890 876 918 58 520 102 467 118 816 105 444 193 954 43 64 965 810 337 597 130 595 557 578 845 911 18 563 711 154 533 333 851 318 559 185 304 168 572 596 378 565 499 471 509 459 15 926 353 322 307 402 648 786 293 232 913 932 149 306 522 645 634 969 147 849 748 679 616 420 101 209 502 933 757 34 453 968 537 401 664 982 775 646 216 985 618 228 249 503 666 244 931 594 506 342 65 177 469 853 468 966 881 432 620 817 226 458 155 923 131 879 310 218 78 898 811 325 236 299 774 901 823 150 701 97 460 903 514 617 407
43
1 2 3 4 5 6 7 29 8 10 11 35 13 14 15 16 17 18 19 20 21 22 23 27 25 26 24 28 9 30 31 32 33 34 12 36 37 38 39 40 41 42 43
28
1 14 5 4 15 18 20 19 9 10 21 2 13 8 7 16 17 22 26 23 11 12 27 24 25 6 3 28
1000
29 40 31 768 196 361 159 881 43 860 646 817 87 79 927 274 587 257 311 436 368 699 809 786 791 383 957 144 1 705 3 139 71 716 734 974 238 781 805 2 906 382 9 441 472 535 112 891 415 761 902 545 232 868 591 433 981 743 824 977 82 921 124 543 814 162 165 318 672 103 33 644 960 993 903 430 273 174 14 117 964 61 209 537 170 879 13 146 235 114 154 536 231 967 504 134 402 284 532 506 155 110 70 241 500 955 813 810 136 102 217 47 807 90 352 343 80 151 825 138 131 631 521 63 294 985 702 884 923 546 121 327 213 96 687 109 799 120 32 224 942 908 443 28 911 88 568 829 642 751 118 606 873 91 101 800 519 749 7 197 765 66 520 214 67 468 313 965 171 85 169 649 407 78 178 551 784 175 746 880 289 675 461 463 979 832 509 376 623 949 648 364 588 326 867 5 160 374 450 684 887 820 958 477 658 304 912 998 83 674 871 525 133 164 229 915 111 548 842 776 272 597 335 140 816 375 629 550 215 598 93 53 288 924 89 876 833 37 727 639 104 245 823 460 242 448 752 647 577 991 894 935 512 510 854 299 18 764 703 785 886 634 853 971 840 297 756 670 896 593 980 221 77 16 877 473 516 798 712 444 690 604 747 98 317 917 701 233 181 491 961 303 866 125 928 596 266 611 256 614 787 754 292 206 533 609 932 745 358 321 19 411 167 395 983 996 285 68 552 466 310 350 933 970 409 194 132 844 426 870 334 688 714 331 223 730 632 398 507 501 567 557 116 926 447 420 625 495 651 322 789 115 739 723 801 503 890 309 482 843 6 643 822 192 740 518 581 21 693 475 372 371 738 198 226 188 455 759 758 483 901 42 26 882 719 984 797 733 663 767 638 564 630 528 314 680 742 338 720 695 837 97 728 936 1000 900 173 633 325 553 312 524 613 513 49 779 724 874 770 346 956 808 771 698 937 329 953 963 732 76 706 640 56 811 869 20 725 590 679 579 44 572 143 280 449 757 345 246 445 199 972 865 627 978 377 657 494 951 661 244 183 617 184 479 612 320 722 166 762 755 652 45 276 774 370 522 204 696 464 490 773 359 380 486 492 484 931 656 939 480 290 485 580 457 348 987 563 885 947 105 340 559 356 95 802 100 339 585 187 254 922 253 414 515 514 277 782 366 157 163 123 476 539 412 212 851 845 394 622 863 583 99 305 821 46 92 84 788 523 826 601 975 64 849 52 130 592 218 962 228 176 319 410 812 934 708 342 694 502 780 859 783 497 392 605 666 341 147 992 682 707 442 888 709 841 864 249 916 440 493 367 750 531 950 508 952 17 193 710 438 55 547 270 744 704 296 222 230 954 615 541 635 804 282 565 152 691 982 306 907 298 465 413 300 600 913 462 624 872 944 678 529 189 618 347 858 453 836 227 393 122 337 408 262 602 681 852 391 240 432 794 149 362 72 748 11 248 191 172 862 349 471 969 889 796 488 456 205 692 713 459 760 389 806 753 566 778 731 741 268 892 69 831 210 182 883 989 621 439 396 636 570 763 200 792 715 135 332 940 281 607 659 369 558 400 478 968 424 22 803 287 127 259 595 30 431 571 556 574 589 729 279 660 333 686 34 893 830 385 399 999 467 354 417 437 938 239 403 711 336 668 429 388 35 898 769 878 373 353 365 669 397 58 594 308 179 283 645 158 582 150 247 665 302 470 267 446 379 378 662 50 469 683 258 161 945 390 4 736 419 423 856 481 474 905 220 793 667 416 560 38 517 562 177 260 24 301 538 351 828 25 685 777 641 925 655 387 278 137 156 355 505 700 603 39 664 113 422 23 108 434 554 107 65 918 225 12 850 839 202 534 363 243 59 119 540 909 790 148 718 673 186 237 930 904 628 401 990 819 265 575 219 360 328 527 997 875 948 544 818 526 637 263 255 994 772 973 626 561 10 966 650 530 576 452 293 195 54 435 330 211 619 153 418 847 236 275 737 86 180 8 384 676 128 498 261 201 573 654 357 48 671 717 251 910 269 920 735 941 406 381 51 75 835 775 41 610 142 827 895 145 207 616 986 216 578 286 815 946 897 62 511 129 234 795 344 15 295 959 834 487 307 323 555 252 404 425 726 489 689 899 141 988 620 766 919 499 848 190 584 458 586 427 599 106 421 27 203 929 73 291 549 428 81 168 861 94 697 653 324 264 451 857 36 542 995 60 454 185 271 57 608 315 386 126 914 496 943 677 838 250 569 74 855 976 316 846 208 721 405
1000
759 2 3 777 5 6 766 8 9 105 126 12 726 14 488 16 17 18 722 20 21 22 898 24 25 26 27 28 29 30 31 32 954 34 35 36 37 38 362 75 41 42 432 612 628 163 47 48 49 50 51 111 936 646 305 56 817 58 59 60 797 926 63 756 65 66 67 68 69 270 71 72 631 624 40 76 77 78 79 80 81 902 83 886 765 220 87 88 287 90 91 92 93 94 95 404 176 98 99 100 101 102 103 314 10 582 107 108 939 110 52 212 503 182 702 116 117 803 119 131 446 682 123 124 125 11 556 128 592 175 120 948 133 134 135 136 137 138 139 320 141 975 622 144 502 641 147 806 149 523 151 152 153 357 155 202 157 158 159 160 808 354 46 164 165 166 833 168 835 271 171 172 173 281 130 97 922 178 179 180 181 114 324 184 185 186 187 188 727 435 191 192 193 194 533 196 197 957 199 987 201 156 203 204 205 206 207 208 209 210 211 112 213 572 215 216 217 218 219 86 221 222 397 627 225 226 227 228 554 230 872 290 315 234 235 236 237 238 239 240 241 974 243 670 659 567 247 248 249 250 251 252 609 811 615 256 257 673 259 260 261 262 263 771 265 266 332 378 269 70 170 272 384 547 275 999 277 278 839 280 174 282 283 284 285 286 89 331 454 232 291 292 293 820 295 553 578 705 360 300 538 468 303 304 55 306 307 606 309 310 311 312 313 104 233 607 317 774 319 140 657 322 818 183 325 326 327 956 355 330 288 267 813 645 335 336 868 338 339 443 341 789 343 344 345 346 477 480 349 350 441 520 353 162 329 356 154 358 359 299 614 39 363 668 365 366 367 549 369 370 371 476 373 430 375 376 377 268 379 380 381 382 383 273 826 637 387 388 517 399 391 392 929 593 395 396 223 834 390 400 401 402 403 96 405 406 429 408 730 410 461 412 707 414 415 416 417 418 419 420 421 422 423 952 425 426 427 428 407 374 431 43 433 434 190 860 437 438 439 440 351 519 340 708 445 121 447 448 449 450 451 452 453 289 487 456 457 458 944 460 411 462 463 937 465 466 467 302 469 470 471 472 473 474 475 372 347 478 479 348 598 962 483 484 485 486 455 15 951 490 491 492 493 494 866 496 497 498 499 500 501 145 113 504 505 506 521 693 509 855 744 721 540 514 515 516 389 518 442 352 507 522 150 524 854 526 891 528 529 530 531 532 195 625 535 536 537 301 539 513 541 542 896 583 545 546 274 968 368 550 551 562 296 229 555 127 557 558 559 560 561 552 563 913 565 566 246 568 569 570 897 214 973 574 632 576 577 297 579 580 581 106 544 584 585 586 587 588 589 590 591 129 394 594 595 596 597 481 950 600 601 683 603 739 912 308 316 608 253 610 611 44 613 361 255 616 617 618 619 620 621 143 623 74 534 626 224 45 629 630 73 575 928 880 635 636 386 720 639 640 146 647 643 644 334 54 642 648 649 650 651 652 653 787 655 656 321 658 245 660 661 662 663 664 828 666 667 364 669 244 671 672 258 988 675 909 919 678 679 680 681 122 602 825 685 686 687 688 689 754 851 692 508 694 695 696 697 941 699 965 701 115 703 704 298 706 413 444 709 710 953 712 713 714 715 716 717 718 719 638 512 19 723 724 725 13 189 728 729 409 731 732 733 734 735 814 737 738 604 740 762 742 743 511 893 746 747 906 749 750 760 752 884 690 781 64 757 758 1 751 761 741 763 764 85 7 767 768 769 770 264 772 773 318 775 776 4 778 779 780 755 782 783 784 785 786 654 788 342 790 791 792 793 794 795 796 61 798 799 800 801 802 118 804 805 148 807 161 809 810 254 812 333 736 815 816 57 323 819 294 821 822 823 824 684 385 827 665 829 830 831 832 167 398 169 836 837 838 279 840 841 842 843 844 845 846 847 848 857 850 691 852 853 525 510 856 849 858 859 436 861 862 863 864 865 495 867 337 869 870 871 231 873 874 958 876 986 878 879 634 881 882 883 753 914 84 887 888 889 890 527 892 745 894 895 543 571 23 899 900 993 82 903 904 905 748 907 915 676 910 911 605 564 885 908 916 917 918 677 920 921 177 923 924 925 62 927 633 393 930 931 932 933 934 935 53 464 938 109 940 698 942 943 459 945 946 947 132 949 599 489 424 711 33 955 328 198 875 959 960 961 482 963 964 700 966 967 548 969 970 971 972 573 242 142 976 977 978 979 980 981 982 983 984 985 877 200 674 989 990 991 992 901 994 995 996 997 998 276 1000
998
876 603 769 871 53 112 912 486 424 616 406 642 262 219 779 380 946 146 554 418 997 741 257 665 984 725 972 601 360 116 246 549 29 273 7 52 18 113 628 676 268 374 6 327 732 206 101 611 415 505 945 747 350 413 255 137 315 656 19 26 562 804 867 263 412 622 299 221 849 573 168 723 426 566 943 715 934 967 130 274 225 190 491 473 771 591 348 620 988 937 682 941 964 166 688 672 889 65 420 485 38 174 328 452 916 953 234 961 750 445 66 921 189 479 182 711 661 980 306 220 862 739 820 443 817 558 561 645 721 777 344 212 87 448 745 728 754 437 563 976 896 704 751 17 627 79 764 881 836 569 109 85 208 647 469 283 698 829 521 746 533 593 365 971 692 998 784 826 801 313 454 453 333 726 300 196 673 134 535 646 150 393 180 526 718 253 178 277 366 669 596 634 766 655 278 922 877 240 687 670 144 823 951 574 952 75 821 359 223 199 2 599 822 559 164 576 419 388 686 464 855 74 679 96 8 222 701 668 136 33 203 869 355 379 161 436 67 314 700 979 730 789 761 621 385 442 80 214 956 842 330 585 897 989 125 183 114 463 394 873 514 791 204 744 736 282 813 197 272 435 920 312 131 336 210 839 618 254 845 955 985 612 205 99 662 364 597 338 44 893 802 242 778 783 371 369 595 232 815 776 522 756 626 215 410 427 605 752 91 717 198 787 22 835 46 575 694 851 565 60 83 462 133 503 538 346 140 892 160 337 480 935 607 179 24 126 636 151 919 901 501 534 833 555 89 440 433 118 570 288 587 396 613 110 982 712 34 297 996 474 632 341 171 13 895 169 913 431 494 147 697 797 531 78 507 400 397 185 177 138 866 61 459 104 258 230 389 68 858 326 484 589 94 325 888 145 940 660 411 93 630 765 416 965 105 342 853 304 832 316 261 885 252 390 932 568 708 264 544 15 351 856 602 487 47 289 429 886 5 844 994 324 995 149 677 408 386 227 758 644 604 377 170 594 685 900 339 1 353 229 167 57 286 911 519 70 58 382 472 275 502 153 441 270 213 675 865 841 740 248 793 361 228 969 861 401 583 598 308 265 357 209 428 683 76 107 798 564 383 925 378 904 247 511 944 23 812 343 742 207 504 699 974 782 447 788 470 481 372 658 550 546 40 680 960 753 923 12 530 586 990 674 878 663 713 532 329 432 495 425 241 909 496 926 545 936 128 567 825 398 649 619 279 720 907 148 370 267 28 194 924 517 579 625 770 805 887 129 488 819 667 331 724 659 748 556 384 772 251 678 615 31 56 14 77 354 790 404 362 716 375 666 245 30 584 690 930 810 767 577 81 991 11 860 624 280 986 498 572 515 809 311 910 399 775 309 859 321 938 637 763 434 703 157 806 499 95 64 864 231 600 191 543 906 51 623 319 202 983 158 155 322 239 696 729 238 963 890 458 310 547 553 142 846 121 476 588 884 41 414 818 200 827 143 757 284 691 705 407 35 834 184 508 100 295 86 423 466 4 305 957 127 981 224 800 578 73 536 451 259 633 977 439 43 824 898 27 927 356 760 854 513 176 992 857 643 785 814 395 939 115 392 358 16 908 523 795 391 422 933 816 49 693 163 557 71 120 216 780 882 695 82 162 743 409 722 807 870 551 72 734 132 768 468 449 899 135 119 20 218 702 811 292 641 317 271 509 891 45 50 868 417 465 560 25 236 929 582 201 552 381 211 639 152 917 37 759 475 444 62 950 808 671 931 478 737 98 781 188 55 9 847 727 915 928 332 490 706 518 684 141 609 786 796 187 235 648 962 617 294 281 828 528 510 54 233 108 323 914 456 652 117 592 193 947 959 975 335 122 681 287 749 794 755 226 88 497 460 298 838 731 97 165 256 102 320 10 529 123 402 492 173 387 640 710 92 714 987 181 363 949 195 875 376 124 719 735 874 483 581 610 90 250 403 303 590 69 111 175 249 707 48 879 792 831 21 506 269 139 689 738 525 345 446 290 421 467 942 477 520 154 285 405 36 903 103 580 872 244 293 918 266 894 848 958 276 948 614 883 541 493 373 500 516 709 482 970 638 159 799 539 954 664 84 651 803 291 457 318 631 548 606 471 843 542 773 430 657 774 340 830 837 966 39 63 438 367 978 352 32 902 489 461 527 192 608 455 59 347 880 301 302 3 450 172 654 635 260 571 650 524 863 540 512 186 42 850 968 156 537 243 296 852 237 307 629 334 840 973 762 993 733 349 106 217 368 905 653
2
2 1
17
1 2 3 4 5 6 7 8 12 10 11 9 13 14 15 16 17
21
1 2 3 4 5 6 7 8 9 10 11 12 13 14 15 16 17 18 21 20 19
1000
754 230 499 185 352 962 722 440 312 410 38 342 88 847 572 254 887 533 291 70 950 182 364 216 118 408 657 94 979 176 824 632 146 756 165 968 101 356 116 396 654 227 752 394 732 332 801 424 563 894 158 265 664 785 7 878 119 114 682 208 565 705 903 769 686 151 91 998 555 159 532 616 789 681 53 791 596 244 250 258 995 644 428 279 539 564 896 372 703 653 683 514 485 608 750 788 535 807 160 518 919 770 812 700 713 605 697 464 435 600 81 684 961 144 675 302 517 989 203 436 905 231 5 164 625 548 650 183 411 934 397 293 744 355 87 369 452 912 14 958 526 976 521 191 624 996 688 194 955 691 468 473 136 692 288 177 816 309 459 105 662 983 846 956 92 199 463 156 944 221 315 728 914 59 161 584 927 45 843 820 297 627 85 872 415 276 239 519 579 822 80 348 680 488 777 937 138 120 633 268 669 619 363 149 773 544 392 790 566 347 242 135 758 267 37 906 696 500 69 384 213 836 590 885 376 702 329 742 405 475 573 422 338 330 100 180 527 946 886 921 959 589 743 883 439 455 845 960 792 545 260 799 420 163 57 992 167 127 745 178 953 502 290 780 284 470 612 108 109 492 723 569 977 51 316 74 152 174 30 354 716 762 318 981 197 738 212 273 587 748 336 54 834 425 667 757 506 826 307 575 823 375 478 262 963 870 515 865 367 68 458 940 107 334 576 211 659 195 795 766 891 749 746 710 407 827 278 577 495 142 591 253 786 987 465 661 3 121 658 571 629 553 412 615 128 923 805 877 501 206 217 252 516 890 140 414 15 188 860 585 509 931 718 124 399 29 776 64 491 626 327 322 320 490 471 166 148 908 282 41 522 603 537 536 939 811 689 131 938 808 687 583 928 11 26 55 638 813 220 90 393 274 819 973 994 115 280 668 261 256 779 79 832 299 554 841 559 110 809 448 736 988 969 325 990 917 735 106 497 880 150 324 727 652 445 82 32 525 441 210 670 292 622 704 613 40 371 943 597 541 43 871 373 672 607 580 456 78 238 902 31 881 614 431 122 617 89 153 344 967 10 578 895 831 694 234 99 248 513 390 862 830 235 65 269 848 999 508 715 35 350 296 365 598 323 192 303 645 978 451 768 461 610 126 423 360 582 77 112 550 432 123 935 143 391 416 594 592 588 362 759 454 529 764 374 400 922 333 528 708 207 542 947 388 385 21 433 734 383 225 671 240 306 804 196 139 1000 560 957 233 398 113 618 512 447 321 343 531 674 763 837 419 395 437 95 187 751 298 266 753 829 606 341 730 421 546 867 186 301 504 909 275 56 725 651 443 844 511 137 665 442 229 875 173 771 520 328 313 18 628 599 941 179 842 760 24 353 133 889 102 198 997 147 1 783 117 719 311 970 849 840 552 649 574 647 924 86 818 98 549 380 551 949 181 731 200 103 798 641 13 507 916 286 986 337 19 48 570 84 346 223 331 866 737 869 340 430 971 557 438 873 853 882 930 543 851 39 413 876 426 855 493 945 901 701 162 714 222 155 815 96 226 377 389 611 20 863 925 357 910 755 634 169 975 942 761 481 623 858 926 172 643 287 825 721 345 897 839 134 640 93 775 879 980 71 361 404 648 189 630 698 741 462 489 27 562 23 666 243 920 255 132 852 28 417 349 915 236 699 67 861 75 219 25 913 61 724 44 835 480 911 712 477 215 264 403 314 205 487 418 899 382 16 733 621 660 270 326 483 237 821 60 991 184 300 637 586 893 936 466 218 406 726 642 802 817 620 232 729 868 900 709 444 907 524 247 104 204 864 214 796 966 272 678 888 12 310 17 898 263 904 209 472 951 739 245 378 335 859 370 482 283 806 402 467 457 810 717 918 22 558 663 52 538 677 72 4 874 933 954 982 964 814 828 772 295 655 249 304 646 251 547 62 366 145 285 974 784 460 97 787 409 381 308 595 339 66 948 130 993 778 601 530 631 277 47 706 111 63 129 358 193 259 561 854 429 446 656 257 305 676 476 707 8 359 351 36 379 965 486 401 498 774 567 892 46 496 228 202 693 781 2 797 673 175 449 636 604 932 505 856 157 469 294 50 58 42 271 474 635 765 201 289 609 33 782 523 793 803 985 494 453 800 685 857 387 952 556 767 125 884 281 317 695 386 83 34 540 794 850 76 972 368 581 434 690 534 833 190 720 427 9 679 510 154 740 224 838 479 319 484 6 593 602 170 246 711 984 73 171 747 49 168 568 241 639 450 503 141 929
1000
319 341 511 201 714 890 867 110 97 99 597 609 323 610 660 817 388 339 716 823 925 75 892 547 301 951 944 416 787 863 130 859 910 528 155 437 965 667 204 65 138 133 843 501 724 585 213 262 95 985 96 483 434 472 114 346 851 634 689 106 424 977 249 79 40 365 277 897 228 735 457 324 139 504 22 396 872 891 64 600 242 360 291 154 549 484 879 611 308 98 779 469 208 387 49 51 9 90 10 330 310 413 512 441 279 60 468 430 633 8 812 384 397 55 811 531 238 136 132 287 127 637 657 655 913 402 121 181 826 31 253 119 42 773 514 118 808 41 73 957 503 464 731 754 825 976 259 506 295 435 440 694 586 84 35 784 857 552 505 381 211 622 572 954 915 697 210 231 173 568 814 304 169 984 419 487 234 722 770 534 128 379 715 439 962 589 987 398 756 866 598 776 587 582 450 390 741 429 475 648 4 520 461 39 772 642 885 93 805 167 161 702 47 394 510 978 839 401 920 676 456 438 516 338 990 336 727 69 899 260 168 833 861 177 369 354 934 117 280 290 433 81 467 591 362 755 958 627 63 448 710 645 131 720 629 797 265 662 147 230 621 48 959 426 257 286 624 729 367 370 446 636 406 570 831 632 67 846 105 239 530 357 407 949 970 266 120 409 650 240 83 912 678 942 149 801 427 658 975 909 25 967 452 172 679 761 875 89 693 101 712 462 982 410 643 701 852 415 1 577 421 719 13 72 973 789 455 758 927 100 969 726 646 854 759 226 802 224 18 901 2 739 686 425 955 56 644 463 364 752 613 736 488 236 871 620 282 916 672 82 728 245 675 349 66 745 269 490 235 270 971 864 391 682 937 651 841 485 182 709 160 780 751 112 466 717 94 17 766 196 373 950 930 214 573 76 113 188 795 855 218 126 979 948 926 273 283 884 288 314 513 536 102 827 318 28 894 917 175 674 321 478 961 61 344 264 297 559 198 108 640 769 241 53 150 837 36 222 184 151 104 525 858 983 449 271 824 250 445 195 546 303 498 681 327 221 71 822 550 860 203 312 348 142 541 385 243 107 92 749 781 54 796 670 199 856 818 422 491 799 785 566 52 86 378 542 176 353 635 368 479 683 932 753 963 704 994 453 804 974 44 953 141 74 159 148 740 792 999 215 3 103 411 135 819 223 738 790 972 202 832 574 995 615 442 882 742 34 723 281 116 661 816 180 992 412 986 569 911 617 465 486 556 630 964 451 24 775 85 459 602 158 883 705 606 543 898 821 428 924 669 618 690 998 873 482 590 170 538 274 907 163 395 522 834 853 320 838 881 748 876 194 730 893 46 153 193 803 186 567 244 896 707 786 798 614 11 191 641 80 628 551 813 918 868 555 767 654 12 14 88 774 351 596 524 782 540 562 902 356 261 162 734 267 935 836 248 601 255 544 695 276 109 58 489 272 122 989 952 431 599 206 315 347 252 333 865 200 809 289 376 848 820 608 124 732 123 298 960 15 532 258 847 665 664 698 38 807 561 474 988 359 778 420 363 220 806 293 305 956 454 374 492 815 791 343 768 691 59 563 688 940 309 152 631 878 166 666 750 900 316 212 921 496 554 880 593 895 380 251 936 311 829 5 183 19 386 908 322 254 933 178 529 45 764 332 227 361 268 583 143 656 996 623 70 352 757 517 342 507 197 527 981 968 366 889 765 580 470 699 383 350 494 144 246 189 737 328 335 830 306 938 888 725 747 389 607 687 432 179 842 205 134 612 548 192 914 673 91 382 471 616 991 156 481 594 29 844 326 518 685 508 869 993 399 473 256 595 480 939 296 337 588 499 209 677 668 137 649 828 115 111 603 171 684 533 16 477 515 653 558 458 20 447 145 129 414 810 713 760 275 521 232 575 877 626 436 578 217 874 377 771 43 788 1000 278 663 652 923 945 57 317 576 334 400 476 157 443 32 460 233 997 30 372 647 190 7 605 793 906 355 77 565 840 307 581 835 696 87 706 579 526 553 408 207 903 922 763 746 6 78 23 584 417 708 592 68 557 229 700 340 619 886 941 947 870 571 718 300 33 539 292 125 777 165 358 418 604 943 219 703 887 849 560 21 405 329 929 928 393 980 493 721 237 625 711 375 762 800 692 904 294 919 27 850 966 905 404 284 392 26 639 502 164 345 680 140 247 263 659 423 185 495 545 37 946 302 744 331 285 371 519 325 500 299 146 62 216 403 931 743 313 444 174 50 537 187 671 638 225 783 535 794 497 523 733 862 564 509 845
1000
657 88 658 876 470 561 224 347 34 160 506 625 963 594 686 906 324 937 228 57 55 47 36 826 16 883 442 718 12 266 360 558 577 920 761 247 312 779 6 932 956 473 306 913 881 653 871 921 682 844 675 164 329 900 554 325 730 662 302 557 661 596 289 851 838 186 529 461 471 453 9 64 138 143 807 403 546 673 665 432 635 108 378 680 994 400 411 887 607 303 416 508 848 226 549 945 627 711 933 362 8 414 214 239 706 212 65 968 169 978 82 263 130 2 720 221 792 767 678 389 573 716 259 858 208 466 896 953 118 364 233 310 91 697 713 674 603 723 832 330 322 394 744 801 488 811 300 475 94 390 692 5 518 246 493 986 828 32 769 725 39 184 514 357 13 822 734 912 727 820 415 586 83 278 172 320 260 614 861 574 225 578 27 498 56 942 131 875 854 645 264 438 601 659 608 242 862 762 467 622 209 7 652 116 997 199 924 834 435 971 857 167 392 37 976 709 78 338 279 526 295 927 980 122 480 145 903 946 343 979 156 158 700 450 576 129 584 505 901 738 192 445 781 530 190 183 26 926 10 41 898 885 559 735 722 487 523 664 742 977 689 856 572 436 823 31 333 166 258 766 660 618 910 736 332 79 407 696 275 536 701 24 783 597 819 600 66 670 484 593 888 28 395 999 17 873 812 135 253 216 147 609 587 899 291 562 140 69 340 444 617 155 731 641 679 821 317 815 778 29 541 695 747 424 804 107 753 230 211 134 162 951 348 281 989 168 238 774 205 948 420 613 827 732 355 141 619 452 366 907 510 860 914 423 361 809 850 297 114 984 229 203 492 626 728 943 922 276 20 816 30 222 187 632 904 102 808 602 786 829 502 125 698 193 759 605 817 855 385 825 975 171 197 915 379 749 751 565 599 628 112 176 59 144 917 560 23 273 556 631 704 328 993 972 163 620 840 256 48 440 931 443 150 485 231 580 642 684 4 612 677 86 589 42 339 884 257 489 567 458 777 254 849 610 417 301 93 841 795 95 532 157 892 268 748 152 404 866 869 434 304 427 311 62 962 806 14 315 950 717 11 630 413 533 787 113 282 729 519 139 757 410 566 418 764 863 982 75 719 1000 564 119 483 51 663 401 433 50 215 588 237 292 376 486 154 522 985 349 909 772 636 99 142 624 421 634 126 940 294 399 831 991 908 393 685 397 996 274 918 802 955 342 919 159 161 690 43 703 669 474 121 936 46 868 707 408 794 54 938 878 535 73 290 248 511 170 939 930 87 386 370 321 569 76 165 58 539 371 911 616 585 265 606 495 40 846 283 799 309 382 1 314 345 103 49 243 693 477 676 800 743 833 954 323 785 381 179 872 571 712 699 469 234 250 77 454 241 928 198 891 595 543 326 137 429 491 277 334 598 654 575 637 308 96 818 755 441 194 666 760 538 705 648 889 90 640 782 793 202 447 298 456 788 544 331 437 206 220 791 372 388 970 923 710 527 521 998 319 45 368 830 133 255 439 60 974 643 853 847 490 842 583 280 249 463 80 352 181 964 724 745 271 373 503 545 553 478 739 296 752 358 217 499 287 286 430 123 879 189 92 905 768 960 335 219 431 428 501 813 327 591 776 880 218 188 517 100 773 621 422 750 284 973 797 299 195 531 449 925 244 509 313 741 520 252 810 245 363 644 459 341 146 496 983 481 733 528 507 89 270 552 537 336 563 961 839 377 117 524 232 465 419 191 965 178 285 72 708 387 702 798 667 824 590 837 267 688 19 110 353 460 240 780 966 639 897 992 737 512 149 651 111 288 886 515 74 534 987 746 182 177 462 995 84 175 683 21 18 952 540 500 902 894 681 525 935 180 967 448 740 789 223 105 81 124 97 71 715 200 61 451 25 646 958 805 877 52 251 691 235 568 949 754 882 814 293 721 173 947 207 615 647 852 67 790 548 890 374 38 570 771 426 836 756 174 633 109 770 893 547 201 604 870 236 148 969 649 988 835 3 316 944 655 516 623 916 934 346 671 375 656 550 307 803 555 227 464 359 629 409 213 865 70 551 694 350 763 446 380 204 895 425 494 497 44 457 68 867 402 513 941 406 482 128 367 650 391 351 476 383 687 153 63 398 104 136 959 196 874 132 668 592 344 412 672 384 479 269 35 15 262 115 472 22 468 405 859 85 611 337 127 981 53 796 354 582 843 726 396 714 356 261 504 864 305 120 318 185 581 151 957 272 33 98 106 758 210 365 845 369 765 455 929 775 638 101 990 579 784 542
47
1 2 3 4 5 6 7 8 9 10 11 12 13 14 15 19 17 16 18 20 21 22 23 24 25 26 27 28 29 30 31 32 33 34 35 36 37 38 39 40 41 42 43 44 45 46 47
996
1 2 3 4 5 6 7 8 9 10 595 12 13 14 15 16 17 18 19 20 21 431 681 24 25 26 27 28 29 218 31 32 33 34 35 36 37 38 39 40 41 42 43 44 45 46 47 48 49 50 51 52 53 54 55 56 57 58 59 60 61 62 63 64 65 66 67 68 69 70 71 72 491 74 75 76 77 78 79 80 81 82 83 84 85 86 87 88 89 699 91 92 93 94 95 426 97 686 99 100 101 745 103 104 73 106 107 108 109 110 111 112 113 383 287 116 117 118 380 120 121 122 123 124 125 126 127 540 129 130 131 132 133 134 135 136 137 138 139 140 141 114 143 144 145 146 147 148 149 150 151 152 153 154 155 156 266 158 159 160 161 162 957 164 165 166 167 168 169 170 171 927 173 174 242 176 177 178 179 180 175 182 183 184 185 186 187 236 189 190 191 192 193 194 195 196 197 198 199 200 201 202 203 204 205 206 216 208 209 210 211 212 213 214 215 971 217 931 219 220 221 222 223 224 225 226 418 228 229 230 231 232 233 234 235 467 237 238 679 240 241 727 844 244 245 246 247 248 249 250 251 252 253 254 255 256 257 258 259 769 261 262 263 264 265 785 590 268 269 270 549 272 273 274 275 276 482 278 279 280 281 282 283 284 285 286 501 288 289 290 291 292 293 294 295 296 297 298 299 300 301 302 303 304 305 306 307 308 309 310 311 312 313 314 315 316 317 318 319 320 321 322 323 324 325 326 327 328 329 330 331 332 333 334 335 336 337 338 339 340 341 342 343 344 345 346 824 348 349 350 351 352 353 354 355 356 357 358 359 360 711 858 363 364 365 366 367 598 552 370 371 372 373 374 375 227 377 378 379 369 381 382 425 384 385 386 387 388 389 390 391 392 393 394 395 396 397 398 399 400 401 402 403 404 405 406 407 408 409 410 411 412 413 414 903 497 417 361 419 420 421 422 423 424 640 415 427 428 429 430 606 432 433 434 435 436 751 438 439 440 441 442 443 444 445 446 447 448 449 450 451 639 453 454 455 456 457 458 459 460 715 462 737 464 465 466 23 468 469 470 471 472 473 474 475 476 477 478 479 480 481 680 483 484 485 486 487 488 489 490 271 492 493 494 495 496 347 498 499 500 916 502 503 504 505 506 507 508 509 510 511 512 513 514 515 516 517 518 519 520 521 522 523 524 888 526 772 528 529 530 531 532 533 534 535 536 537 538 539 725 541 542 543 544 545 546 547 548 752 550 551 557 553 376 452 556 554 558 559 560 561 562 563 564 565 566 567 568 569 570 571 572 277 574 525 576 577 578 579 580 581 965 583 573 585 586 587 588 589 172 591 592 593 594 437 596 597 105 599 600 601 602 603 604 605 128 607 608 609 610 611 612 613 614 615 616 617 618 619 207 621 622 623 624 625 626 627 628 629 630 631 632 633 634 635 636 637 638 30 620 641 642 643 644 645 646 647 648 649 650 651 652 653 654 655 656 657 658 96 660 661 662 663 664 665 666 667 668 669 670 671 672 673 674 675 676 677 678 973 115 783 682 683 684 685 826 687 688 689 690 142 692 693 694 695 696 697 698 260 700 701 702 703 704 705 706 707 708 709 710 818 712 713 714 738 716 717 718 719 720 721 722 723 724 924 726 527 728 729 730 731 732 733 734 735 736 461 582 739 740 741 742 949 744 368 746 747 748 749 750 22 239 753 754 755 756 757 758 759 760 761 762 763 764 765 766 767 768 90 770 362 243 773 774 775 776 777 778 779 780 781 782 771 784 584 786 787 788 789 790 791 792 793 794 795 796 659 798 799 800 801 555 803 804 805 806 807 808 809 810 811 812 813 814 815 816 817 102 819 820 821 822 823 119 825 181 827 828 829 830 463 832 833 834 835 836 837 838 839 840 841 842 843 267 845 846 847 848 849 850 851 852 853 854 855 856 857 954 859 860 861 862 863 864 865 866 867 868 869 870 871 872 873 874 875 876 877 878 879 880 881 882 883 884 885 886 887 691 889 890 891 892 893 894 895 896 897 898 899 900 901 902 416 904 905 906 907 908 909 910 911 912 913 914 915 157 917 918 919 920 921 922 923 163 925 926 743 928 929 930 11 932 933 934 935 936 937 938 939 940 941 942 943 944 945 946 947 948 575 950 951 952 953 831 955 956 802 958 959 960 961 962 963 964 188 966 967 968 969 970 98 972 797 974 975 976 977 978 979 980 981 982 983 984 985 986 987 988 989 990 991 992 993 994 995 996
999
505 609 238 435 220 108 275 289 569 603 732 922 693 482 612 288 636 769 984 937 930 760 902 525 855 395 683 342 671 282 551 110 57 631 500 872 344 357 19 622 348 508 905 699 212 310 668 854 414 123 850 600 137 81 645 430 673 736 346 225 394 831 65 898 112 331 819 111 29 677 11 103 439 264 559 106 555 252 361 533 54 83 60 545 892 495 876 535 46 102 231 540 954 858 814 658 550 426 896 633 120 272 941 177 833 351 720 322 50 127 134 423 133 94 356 914 563 727 541 664 489 402 155 552 806 494 528 956 983 93 384 453 874 852 591 782 290 729 84 748 775 317 261 790 679 909 878 757 704 755 294 803 567 888 429 14 768 592 815 724 719 163 298 224 421 877 4 504 770 327 614 17 263 924 992 183 809 523 694 328 490 971 502 100 458 863 21 801 607 180 583 498 990 889 822 237 580 44 349 807 98 783 140 406 718 253 104 242 269 988 1 372 537 993 69 221 766 901 871 774 15 267 654 881 233 710 493 428 975 442 752 164 97 59 5 796 485 702 162 374 152 621 385 957 483 843 979 685 470 846 139 963 870 970 860 378 433 34 547 199 596 330 721 132 887 467 239 712 884 12 576 114 861 425 556 785 181 773 161 387 749 319 217 398 715 744 197 116 945 571 396 206 625 864 867 893 299 676 91 496 972 804 241 707 558 6 375 560 64 160 18 266 629 674 359 542 99 167 728 287 138 190 229 557 688 723 635 95 176 175 302 75 62 735 251 619 764 497 329 309 733 714 218 159 80 434 82 599 464 929 604 566 7 657 662 67 678 165 216 254 926 259 695 58 825 771 463 690 536 630 964 487 478 366 271 79 873 974 611 747 47 418 936 273 150 274 135 628 682 977 691 950 293 257 355 981 432 522 353 174 912 481 672 170 49 187 708 689 623 515 686 857 952 527 63 377 118 284 393 37 763 209 510 669 189 358 323 400 440 303 410 325 48 531 759 725 89 687 944 511 360 838 305 813 595 661 386 565 965 399 247 465 643 789 455 608 32 503 942 647 193 933 549 762 800 202 86 626 207 477 339 101 805 585 147 424 194 908 665 214 448 371 198 745 390 369 173 409 830 484 518 444 480 512 260 989 492 879 753 746 938 365 543 188 382 978 157 201 285 520 570 730 441 767 417 335 286 10 973 939 234 72 847 148 649 663 222 791 153 572 507 77 835 709 895 291 362 832 943 976 450 126 249 461 743 76 401 499 389 392 488 991 960 880 333 577 761 808 313 765 532 644 839 862 754 701 171 779 438 642 646 456 891 698 107 869 680 598 624 151 128 186 751 620 827 143 798 637 87 713 706 182 24 408 618 568 534 506 650 539 178 35 907 634 228 615 119 96 781 41 122 460 491 849 340 717 667 117 383 168 277 388 738 338 886 88 223 601 255 772 397 236 836 73 554 866 226 996 427 25 66 341 172 243 476 367 33 932 115 681 632 411 653 516 548 459 829 336 675 324 445 980 844 740 416 828 457 897 584 250 564 376 521 230 927 403 332 20 352 85 451 605 314 845 38 581 792 412 420 578 192 415 660 638 36 544 28 40 436 517 904 868 602 784 794 256 726 475 27 853 211 446 998 169 739 883 246 684 413 651 354 562 454 859 648 51 462 777 617 821 865 124 561 816 716 920 951 337 240 610 2 245 113 659 962 437 776 391 594 370 419 966 43 23 947 364 692 315 22 509 78 8 903 906 597 918 589 834 149 136 840 750 42 39 449 368 817 380 262 722 471 244 969 875 278 793 321 105 404 131 916 145 26 931 154 799 641 347 13 627 300 144 820 787 616 928 968 200 848 514 995 826 473 818 308 379 530 280 70 656 52 345 925 666 301 248 741 795 469 320 156 526 652 824 68 185 986 296 55 184 179 205 334 655 994 474 311 734 279 640 919 967 696 587 697 343 142 307 213 519 890 422 129 812 639 92 538 405 913 443 985 856 431 579 894 283 823 705 959 215 788 204 232 195 575 915 842 606 778 934 935 227 196 899 125 588 910 811 613 292 31 479 235 3 940 109 987 553 737 955 130 911 166 191 885 203 61 304 837 961 468 452 74 466 948 997 882 700 780 953 121 53 295 590 946 917 573 316 326 30 9 312 593 900 208 281 472 146 210 574 219 949 810 586 999 529 486 71 797 407 45 841 742 524 923 447 582 90 758 16 141 158 270 731 381 318 851 670 265 306 350 756 703 297 958 513 373 276 268 982 711 802 501 786 546 921 363 258 56
5
1 2 3 4 5
16
5 1 10 9 15 13 2 6 8 14 4 12 16 3 7 11
27
1 13 3 23 5 6 9 8 22 10 4 24 12 14 15 2 17 18 19 20 21 7 11 16 25 26 27
13
4 3 13 11 8 1 7 2 10 9 12 5 6
998
1 2 3 4 5 6 7 8 9 10 11 12 13 14 15 16 17 18 19 20 21 22 23 24 25 26 27 28 29 30 31 32 33 34 35 36 37 38 39 40 41 42 43 44 45 46 47 48 49 50 51 52 53 54 55 56 57 58 59 60 61 62 63 64 65 66 67 68 69 70 71 72 73 74 75 76 77 78 79 80 81 82 83 84 85 86 87 88 89 90 91 92 93 94 95 96 97 98 99 100 101 102 103 104 105 106 107 108 109 110 111 112 113 114 115 116 117 118 119 120 121 122 123 124 125 126 127 128 129 130 131 132 133 134 135 136 137 138 139 140 141 142 143 144 145 146 147 148 149 150 151 152 153 154 155 156 157 158 159 160 161 162 163 164 165 166 167 168 169 170 171 172 173 174 175 176 177 178 179 180 181 182 183 184 185 186 187 188 189 190 191 192 193 194 195 196 197 198 199 200 201 202 203 204 205 206 207 208 209 210 211 212 213 214 215 216 217 218 219 220 221 222 223 224 225 226 227 228 229 230 231 232 233 234 235 236 237 238 239 240 241 242 243 244 245 246 247 248 249 250 251 252 253 254 255 256 257 258 259 260 261 262 263 264 265 266 267 268 269 270 271 272 273 274 275 276 277 278 279 280 281 282 283 284 285 286 287 288 289 290 291 292 293 294 295 296 297 298 299 300 301 302 303 304 305 306 307 308 309 310 311 312 313 314 315 316 317 318 319 320 321 322 323 324 325 326 327 328 329 330 331 332 333 334 335 336 337 338 339 340 341 342 343 344 345 346 347 348 349 350 351 352 353 354 355 356 357 358 359 360 361 362 363 364 365 366 367 368 369 370 371 372 373 374 375 376 377 378 379 380 381 382 383 384 385 386 387 388 389 390 391 392 393 394 395 396 397 398 399 400 401 402 403 404 405 406 407 408 409 410 411 412 413 414 415 416 417 418 419 420 421 422 423 424 425 426 427 428 429 430 431 432 433 434 435 436 437 438 439 440 441 442 443 444 445 446 447 448 449 450 451 452 453 454 455 456 457 458 459 460 461 462 463 464 465 466 467 468 469 470 471 472 473 474 475 476 477 478 479 480 481 482 483 484 485 486 487 488 489 490 491 492 493 494 495 496 497 498 499 500 501 502 503 504 505 506 507 508 509 510 511 512 513 514 515 516 517 518 519 520 521 522 523 524 525 526 527 528 529 530 531 532 533 534 535 536 537 538 539 540 541 542 543 544 545 546 547 548 549 550 551 552 553 554 555 556 557 558 559 560 561 562 563 564 565 566 567 568 569 570 571 572 573 574 575 576 577 578 579 580 581 582 583 584 585 586 587 588 589 590 591 592 593 594 595 596 597 598 599 600 601 602 603 604 605 606 607 608 609 610 611 612 613 614 615 616 617 618 619 620 621 622 623 624 625 626 627 628 629 630 631 632 633 634 635 636 637 638 639 640 641 642 643 644 645 646 647 648 649 650 651 652 653 654 655 656 657 658 659 660 661 662 663 664 665 666 667 668 669 670 671 672 673 674 675 676 677 678 679 680 681 682 683 684 685 686 687 688 689 690 691 692 693 694 695 696 697 698 699 700 701 702 703 704 705 706 707 708 709 710 711 712 713 714 715 716 717 718 719 720 721 722 723 724 725 726 727 728 729 730 731 732 733 734 735 736 737 738 739 740 741 742 743 744 745 746 747 748 749 750 751 752 753 754 755 756 757 758 759 760 761 762 763 764 765 766 767 768 769 770 771 772 773 774 775 776 777 778 779 780 781 782 783 784 785 786 787 788 789 790 791 792 793 794 795 796 797 798 799 800 801 802 803 804 805 806 807 808 809 810 811 812 813 814 815 816 817 818 819 820 821 822 823 824 825 826 827 828 829 830 831 832 833 834 835 836 837 838 839 840 841 842 843 844 845 846 847 848 849 850 851 852 853 854 855 856 857 858 859 860 861 862 863 864 865 866 867 868 869 870 871 872 873 874 875 876 877 878 879 880 881 882 883 884 885 886 887 888 889 890 891 892 893 894 895 896 897 898 899 900 901 902 903 904 905 906 907 908 909 910 911 912 913 914 915 916 917 918 919 920 921 922 923 924 925 926 927 928 929 930 931 932 933 934 935 936 937 938 939 940 941 942 943 944 945 946 947 948 949 950 951 952 953 954 955 956 957 958 959 960 961 962 963 964 965 966 967 968 969 970 971 972 973 974 975 976 977 978 979 980 981 982 983 984 985 986 987 988 989 990 991 992 993 994 995 996 997 998
1
1
26
1 2 24 4 5 6 15 13 9 10 25 12 7 14 11 16 22 18 19 20 21 3 23 17 8 26
999
1 2 3 4 5 6 7 8 9 10 11 12 13 14 15 16 17 18 19 20 21 22 23 24 25 26 27 28 29 30 31 32 33 34 35 36 37 38 39 40 41 42 43 44 45 46 47 48 49 50 51 52 53 54 55 56 57 58 59 60 61 62 63 64 65 66 67 68 69 70 71 72 73 74 75 76 77 78 79 80 81 82 83 84 85 86 87 88 89 90 91 92 93 94 95 96 97 98 99 100 101 102 103 104 105 106 107 108 109 110 111 112 113 114 115 116 117 118 119 120 121 122 123 124 125 126 127 128 129 130 131 132 133 134 135 136 137 138 139 140 141 142 143 144 145 146 147 148 149 150 151 152 153 154 155 156 157 158 159 160 161 162 163 164 165 166 167 168 169 170 171 172 173 174 175 176 177 178 179 180 181 182 183 184 185 186 187 188 189 190 191 192 193 194 195 196 197 198 199 200 201 202 203 204 205 206 207 208 209 210 211 212 213 214 215 216 217 218 219 220 221 222 223 224 225 226 227 228 229 230 231 232 233 234 235 236 237 238 239 240 241 242 243 244 245 246 247 248 249 250 251 252 253 254 255 256 257 258 259 260 261 262 263 264 265 266 267 268 269 270 271 272 273 274 275 276 277 278 279 280 281 282 283 284 285 286 287 288 289 290 291 292 293 294 295 296 297 298 299 300 301 302 303 304 305 306 307 308 309 310 311 312 313 314 315 316 317 318 319 320 321 322 323 324 325 326 327 328 329 330 331 332 333 334 335 336 337 338 339 340 341 342 343 344 345 346 347 348 349 350 351 352 353 354 355 356 357 358 359 360 361 362 363 364 365 366 367 368 369 370 371 372 373 374 375 376 377 378 379 380 381 382 383 384 385 386 387 388 389 390 391 392 393 394 395 396 397 398 399 400 401 402 403 404 405 406 407 408 409 410 411 412 413 414 415 416 417 418 419 420 421 422 423 424 425 426 427 428 429 430 431 432 433 434 435 436 437 438 439 440 441 442 443 444 445 446 447 448 449 450 451 452 453 454 455 456 457 458 459 460 461 462 463 464 465 466 467 468 469 470 471 472 473 474 475 476 477 478 479 480 481 482 483 484 485 486 487 488 489 490 491 492 493 494 495 496 497 498 499 500 501 502 503 504 505 506 507 508 509 510 511 512 513 514 515 516 517 518 519 520 521 522 523 524 525 526 527 528 529 530 531 532 533 534 535 536 537 538 539 540 541 542 543 544 545 546 547 548 549 550 551 552 553 554 555 556 557 558 559 560 561 562 563 564 565 566 567 568 569 570 571 572 573 574 575 576 577 578 579 580 581 582 583 584 585 586 587 588 589 590 591 592 593 594 595 596 597 598 599 600 601 602 603 604 605 606 607 608 609 610 611 612 613 614 615 616 617 618 619 620 621 622 623 624 625 626 627 628 629 630 631 632 633 634 635 636 637 638 639 640 641 642 643 644 645 646 647 648 649 650 651 652 653 654 655 656 657 658 659 660 661 662 663 664 665 666 667 668 669 670 671 672 673 674 675 676 677 678 679 680 681 682 683 684 685 686 687 688 689 690 691 692 693 694 695 696 697 698 699 700 701 702 703 704 705 706 707 708 709 710 711 712 713 714 715 716 717 718 719 720 721 722 723 724 725 726 727 728 729 730 731 732 733 734 735 736 737 738 739 740 741 742 743 744 745 746 747 748 749 750 751 752 753 754 755 756 757 758 759 760 761 762 763 764 765 766 767 768 769 770 771 772 773 774 775 776 777 778 779 780 781 782 783 784 785 786 787 788 789 790 791 792 793 794 795 796 797 798 799 800 801 802 803 804 805 806 807 808 809 810 811 812 813 814 815 816 817 818 819 820 821 822 823 824 825 826 827 828 829 830 831 832 833 834 835 836 837 838 839 840 841 842 843 844 845 846 847 848 849 850 851 852 853 854 855 856 857 858 859 860 861 862 863 864 865 866 867 868 869 870 871 872 873 874 875 876 877 878 879 880 881 882 883 884 885 886 887 888 889 890 891 892 893 894 895 896 897 898 899 900 901 902 903 904 905 906 907 908 909 910 911 912 913 914 915 916 917 918 919 920 921 922 923 924 925 926 927 928 929 930 931 932 933 934 935 936 937 938 939 940 941 942 943 944 945 946 947 948 949 950 951 952 953 954 955 956 957 958 959 960 961 962 963 964 965 966 967 968 969 970 971 972 973 974 975 976 977 978 979 980 981 982 983 984 985 986 987 988 989 990 991 992 993 994 995 996 997 998 999
999
554 735 709 79 254 476 262 22 441 288 168 253 621 819 956 869 708 948 181 652 368 255 743 322 852 257 840 910 386 85 549 903 896 233 668 649 374 825 221 287 36 831 589 408 336 304 767 958 878 170 29 871 229 350 162 180 721 536 87 884 894 129 544 918 400 474 91 105 190 499 39 40 199 417 599 487 562 667 207 70 876 269 558 189 279 479 769 274 481 218 826 198 771 812 244 214 124 313 296 836 972 442 847 731 150 582 556 671 924 175 428 949 541 309 880 62 50 217 382 717 547 597 732 675 463 999 961 742 561 895 21 744 530 365 693 937 957 308 316 679 994 193 278 344 38 31 466 482 521 126 267 472 157 282 578 371 651 94 830 646 43 204 811 945 97 53 815 363 639 427 844 206 338 440 360 243 818 921 355 303 425 531 84 657 293 992 311 779 437 898 178 405 851 922 354 54 757 381 634 695 734 644 239 115 546 422 57 32 775 529 766 638 389 90 879 843 352 393 579 832 197 75 485 803 399 678 297 706 464 42 617 475 77 4 567 444 782 240 976 268 737 584 149 147 132 447 928 953 925 980 319 337 139 688 164 300 176 886 27 186 216 702 628 661 263 983 525 586 966 202 435 72 89 538 173 978 500 248 849 857 626 504 681 907 423 516 927 692 295 534 191 372 669 155 24 86 645 629 315 403 219 17 893 680 749 167 67 194 280 109 665 488 209 460 631 720 785 376 477 330 608 853 527 470 613 98 574 902 822 390 807 324 483 920 704 192 590 30 321 265 407 550 560 602 153 493 64 727 446 383 535 786 648 952 373 250 946 662 411 677 977 458 461 719 778 682 92 15 733 420 772 184 73 594 979 49 726 273 100 251 809 320 152 227 714 358 542 863 858 998 232 697 480 34 834 144 347 759 673 510 650 99 800 686 553 35 364 449 19 468 931 294 236 827 751 906 914 3 339 989 292 872 451 593 528 973 136 326 143 502 864 855 163 238 18 299 509 359 235 687 555 551 545 348 370 623 685 950 583 51 606 598 349 993 448 870 392 212 939 666 258 713 797 838 929 745 816 395 804 716 95 179 523 327 619 813 850 284 905 23 585 789 213 887 414 592 490 877 503 607 380 641 614 821 707 484 885 515 888 14 333 663 622 169 795 938 454 357 796 366 605 971 146 495 964 596 580 653 55 587 557 195 391 664 412 793 142 230 266 746 810 982 306 904 203 841 588 141 752 8 160 431 200 889 835 882 20 130 260 110 612 505 890 991 375 270 140 174 718 242 802 290 784 76 335 604 317 741 944 636 756 12 747 603 277 837 565 712 738 445 433 729 60 118 776 154 7 471 343 512 715 436 642 936 777 674 526 696 122 968 13 401 432 387 47 71 456 331 917 656 801 205 196 443 492 764 151 625 848 61 346 722 926 524 291 518 5 655 539 765 792 416 773 654 791 66 424 305 683 783 116 552 271 576 866 312 69 997 379 986 711 156 9 763 519 635 188 856 497 108 513 609 56 517 760 496 494 820 700 867 959 231 80 817 930 564 823 334 120 860 127 601 166 402 647 637 314 11 131 842 113 787 328 165 618 397 469 409 750 114 341 128 548 45 289 701 595 581 988 728 187 828 689 259 208 981 429 369 768 643 406 329 833 489 942 559 710 730 133 298 361 325 846 780 923 340 33 438 307 640 900 533 37 932 138 577 774 404 426 48 570 121 286 247 225 452 824 10 249 276 861 82 874 660 934 511 26 283 967 571 177 201 421 388 829 616 540 758 705 41 419 148 88 413 873 508 610 93 398 627 611 740 125 799 301 694 753 723 362 318 854 342 901 909 467 384 430 396 684 264 676 228 960 892 962 351 935 65 532 462 234 947 356 658 919 2 868 172 455 74 81 241 96 345 933 498 755 566 814 805 52 378 272 624 969 302 104 699 377 410 633 44 522 261 794 310 222 473 102 770 955 491 788 845 486 781 943 210 754 112 514 453 285 965 748 46 912 394 506 83 507 974 68 659 672 563 28 224 951 415 572 881 1 862 256 78 137 237 897 25 520 353 990 450 465 418 941 970 63 543 632 963 439 569 58 615 891 670 761 478 575 859 226 911 135 762 600 119 183 916 703 159 161 275 899 691 245 839 457 223 736 107 220 158 434 332 883 865 690 134 996 940 975 281 101 211 954 459 573 367 908 790 620 185 385 725 246 591 995 806 913 984 252 501 808 698 739 875 323 59 537 123 182 568 630 215 6 724 987 915 103 111 985 16 117 798 106 145 171
37
1 2 3 4 5 6 7 18 8 9 11 12 13 14 15 16 17 37 19 20 35 22 23 24 25 10 27 28 29 30 26 32 33 34 21 36 31
4
3 4 1 2
996
1 2 3 4 5 6 7 8 9 10 11 12 13 14 15 16 17 18 19 20 21 22 23 24 25 26 27 28 29 30 31 32 33 34 35 36 37 38 39 40 41 42 43 44 45 46 47 48 49 50 51 52 53 54 55 56 57 58 59 60 61 62 63 64 65 66 67 68 69 70 71 72 73 74 75 76 77 78 79 80 81 82 83 84 85 86 87 88 89 90 91 92 93 94 95 96 97 98 99 100 101 102 103 104 105 106 107 108 109 110 111 112 113 114 115 116 117 118 119 120 121 122 123 124 125 126 127 128 129 130 131 132 133 134 135 136 137 138 139 140 141 142 143 144 145 146 147 148 149 150 151 152 153 154 155 156 157 158 159 160 161 162 163 164 165 166 167 168 169 170 171 172 173 174 175 176 177 178 179 180 181 182 183 184 185 186 187 188 189 190 191 192 193 194 195 196 197 198 199 200 201 202 203 204 205 206 207 208 209 210 211 212 213 214 215 216 217 218 219 220 221 222 223 224 225 226 227 228 229 230 231 232 233 234 235 236 237 238 239 240 241 242 243 244 245 246 247 248 249 250 251 252 253 254 255 256 257 258 259 260 261 262 263 264 265 266 267 268 269 270 271 272 273 274 275 276 277 278 279 280 281 282 283 284 285 286 287 288 289 290 291 292 293 294 295 296 297 298 299 300 301 302 303 304 305 306 307 308 309 310 311 312 313 314 315 316 317 318 319 320 321 322 323 324 325 326 327 328 329 330 331 332 333 334 335 336 337 338 339 340 341 342 343 344 345 346 347 348 349 350 351 352 353 354 355 356 357 358 359 360 361 362 363 364 365 366 367 368 369 370 371 372 373 374 375 376 377 378 379 380 381 382 383 384 385 386 387 388 389 390 391 392 393 394 395 396 397 398 399 400 401 402 403 404 405 406 407 408 409 410 411 412 413 414 415 416 417 418 419 420 421 422 423 424 425 426 427 428 429 430 431 432 433 434 435 436 437 438 439 440 441 442 443 444 445 446 447 448 449 450 451 452 453 454 455 456 457 458 459 460 461 462 463 464 465 466 467 468 469 470 471 472 473 474 475 476 477 478 479 480 481 482 483 484 485 486 487 488 489 490 491 492 493 494 495 496 497 498 499 500 501 502 503 504 505 506 507 508 509 510 511 512 513 514 515 516 517 518 519 520 521 522 523 524 525 526 527 528 529 530 531 532 533 534 535 536 537 538 539 540 541 542 543 544 545 546 547 548 549 550 551 552 553 554 555 556 557 558 559 560 561 562 563 564 565 566 567 568 569 570 571 572 573 574 575 576 577 578 579 580 581 582 583 584 585 586 587 588 589 590 591 592 593 594 595 596 597 598 599 600 601 602 603 604 605 606 607 608 609 610 611 612 613 614 615 616 617 618 619 620 621 622 623 624 625 626 627 628 629 630 631 632 633 634 635 636 637 638 639 640 641 642 643 644 645 646 647 648 649 650 651 652 653 654 655 656 657 658 659 660 661 662 663 664 665 666 667 668 669 670 671 672 673 674 675 676 677 678 679 680 681 682 683 684 685 686 687 688 689 690 691 692 693 694 695 696 697 698 699 700 701 702 703 704 705 706 707 708 709 710 711 712 713 714 715 716 717 718 719 720 721 722 723 724 725 726 727 728 729 730 731 732 733 734 735 736 737 738 739 740 741 742 743 744 745 746 747 748 749 750 751 752 753 754 755 756 757 758 759 760 761 762 763 764 765 766 767 768 769 770 771 772 773 774 775 776 777 778 779 780 781 782 783 784 785 786 787 788 789 790 791 792 793 794 795 796 797 798 799 800 801 802 803 804 805 806 807 808 809 810 811 812 813 814 815 816 817 818 819 820 821 822 823 824 825 826 827 828 829 830 831 832 833 834 835 836 837 838 839 840 841 842 843 844 845 846 847 848 849 850 851 852 853 854 855 856 857 858 859 860 861 862 863 864 865 866 867 868 869 870 871 872 873 874 875 876 877 878 879 880 881 882 883 884 885 886 887 888 889 890 891 892 893 894 895 896 897 898 899 900 901 902 903 904 905 906 907 908 909 910 911 912 913 914 915 916 917 918 919 920 921 922 923 924 925 926 927 928 929 930 931 932 933 934 935 936 937 938 939 940 941 942 943 944 945 946 947 948 949 950 951 952 953 954 955 956 957 958 959 960 961 962 963 964 965 966 967 968 969 970 971 972 973 974 975 976 977 978 979 980 981 982 983 984 985 986 987 988 989 990 991 992 993 994 995 996
11
8 2 3 4 5 1 7 6 11 10 9
9
3 5 1 4 2 6 7 8 9
9
1 6 5 3 2 4 7 8 9
35
13 32 30 9 17 22 25 6 26 5 21 10 14 35 29 4 24 27 23 19 3 15 8 20 7 18 31 16 1 11 28 12 2 34 33
1000
1 2 3 4 5 6 7 8 9 10 11 12 13 14 15 16 17 18 19 20 21 22 23 24 25 26 27 28 29 30 31 32 33 34 35 36 37 38 39 40 41 42 43 44 45 46 47 48 49 50 51 52 53 54 55 56 57 58 59 60 61 62 63 64 65 66 67 68 69 70 71 72 73 74 75 76 77 78 79 80 81 82 83 84 85 86 87 88 89 90 91 92 93 94 95 96 97 98 99 100 101 102 103 104 105 106 107 108 109 110 111 112 113 114 115 116 117 118 119 120 121 122 123 124 125 126 127 128 129 130 131 132 133 134 135 136 137 138 139 140 141 142 143 144 145 146 147 148 149 150 151 152 153 154 155 156 157 158 159 160 161 162 163 164 165 166 167 168 169 170 171 172 173 174 175 176 177 178 179 180 181 182 183 184 185 186 187 188 189 190 191 192 193 194 195 196 197 198 199 200 201 202 203 204 205 206 207 208 209 210 211 212 213 214 215 216 217 218 219 220 221 222 223 224 225 226 227 228 229 230 231 232 233 234 235 236 237 238 239 240 241 242 243 244 245 246 247 248 249 250 251 252 253 254 255 256 257 258 259 260 261 262 263 264 265 266 267 268 269 270 271 272 273 274 275 276 277 278 279 280 281 282 283 284 285 286 287 288 289 290 291 292 293 294 295 296 297 298 299 300 301 302 303 304 305 306 307 308 309 310 311 312 313 314 315 316 317 318 319 320 321 322 323 324 325 326 327 328 329 330 331 332 333 334 335 336 337 338 339 340 341 342 343 344 345 346 347 348 349 350 351 352 353 354 355 356 357 358 359 360 361 362 363 364 365 366 367 368 369 370 371 372 373 374 375 376 377 378 379 380 381 382 383 384 385 386 387 388 389 390 391 392 393 394 395 396 397 398 399 400 401 402 403 404 405 406 407 408 409 410 411 412 413 414 415 416 417 418 419 420 421 422 423 424 425 426 427 428 429 430 431 432 433 434 435 436 437 438 439 440 441 442 443 444 445 446 447 448 449 450 451 452 453 454 455 456 457 458 459 460 461 462 463 464 465 466 467 468 469 470 471 472 473 474 475 476 477 478 479 480 481 482 483 484 485 486 487 488 489 490 491 492 493 494 495 496 497 498 499 500 501 502 503 504 505 506 507 508 509 510 511 512 513 514 515 516 517 518 519 520 521 522 523 524 525 526 527 528 529 530 531 532 533 534 535 536 537 538 539 540 541 542 543 544 545 546 547 548 549 550 551 552 553 554 555 556 557 558 559 560 561 562 563 564 565 566 567 568 569 570 571 572 573 574 575 576 577 578 579 580 581 582 583 584 585 586 587 588 589 590 591 592 593 594 595 596 597 598 599 600 601 602 603 604 605 606 607 608 609 610 611 612 613 614 615 616 617 618 619 620 621 622 623 624 625 626 627 628 629 630 631 632 633 634 635 636 637 638 639 640 641 642 643 644 645 646 647 648 649 650 651 652 653 654 655 656 657 658 659 660 661 662 663 664 665 666 667 668 669 670 671 672 673 674 675 676 677 678 679 680 681 682 683 684 685 686 687 688 689 690 691 692 693 694 695 696 697 698 699 700 701 702 703 704 705 706 707 708 709 710 711 712 713 714 715 716 717 718 719 720 721 722 723 724 725 726 727 728 729 730 731 732 733 734 735 736 737 738 739 740 741 742 743 744 745 746 747 748 749 750 751 752 753 754 755 756 757 758 759 760 761 762 763 764 765 766 767 768 769 770 771 772 773 774 775 776 777 778 779 780 781 782 783 784 785 786 787 788 789 790 791 792 793 794 795 796 797 798 799 800 801 802 803 804 805 806 807 808 809 810 811 812 813 814 815 816 817 818 819 820 821 822 823 824 825 826 827 828 829 830 831 832 833 834 835 836 837 838 839 840 841 842 843 844 845 846 847 848 849 850 851 852 853 854 855 856 857 858 859 860 861 862 863 864 865 866 867 868 869 870 871 872 873 874 875 876 877 878 879 880 881 882 883 884 885 886 887 888 889 890 891 892 893 894 895 896 897 898 899 900 901 902 903 904 905 906 907 908 909 910 911 912 913 914 915 916 917 918 919 920 921 922 923 924 925 926 927 928 929 930 931 932 933 934 935 936 937 938 939 940 941 942 943 944 945 946 947 948 949 950 951 952 953 954 955 956 957 958 959 960 961 962 963 964 965 966 967 968 969 970 971 972 973 974 975 976 977 978 979 980 981 982 983 984 985 986 987 988 989 990 991 992 993 994 995 996 997 998 999 1000
6
1 2 3 5 4 6
7
7 2 1 4 3 6 5
11
11 5 6 10 7 8 9 2 1 4 3
2
1 2
22
1 6 3 4 22 21 7 11 9 10 20 18 5 14 2 16 17 12 19 8 15 13
39
20 15 3 23 4 37 7 6 38 10 11 12 5 34 19 16 17 18 22 9 39 33 1 24 25 26 27 21 29 30 31 14 8 13 35 36 2 32 28
2
2 1
5
1 4 5 2 3
1
1
12
1 2 3 10 5 6 7 8 9 4 11 12
3
1 2 3
33
21 20 3 17 5 29 7 8 9 10 30 13 12 33 15 1 14 18 32 16 6 22 23 24 11 4 27 28 19 2 31 26 25
51
1 49 3 4 5 35 7 8 9 10 11 15 13 14 38 16 17 18 19 20 21 22 23 24 25 26 27 28 29 30 2 32 33 34 6 36 37 12 39 40 41 42 43 44 45 31 47 48 46 50 51
997
1 2 3 4 5 6 7 8 9 10 11 12 13 14 15 16 17 18 19 20 21 22 23 24 25 26 27 28 29 30 31 32 33 34 35 36 37 38 39 40 41 42 43 44 45 46 47 48 49 50 51 52 53 54 55 56 57 58 59 60 61 62 63 64 65 66 67 68 69 70 71 72 73 74 75 76 77 78 79 80 81 82 83 84 85 86 87 88 89 90 91 92 93 94 95 96 97 98 99 100 101 102 103 104 105 106 107 108 109 110 111 112 113 114 115 116 117 118 119 120 121 122 123 124 125 126 127 128 129 130 131 132 133 134 135 136 137 138 139 140 141 142 143 144 145 146 147 148 149 150 151 152 153 154 155 156 157 158 159 160 161 162 163 164 165 166 167 168 169 170 171 172 173 174 175 176 177 178 179 180 181 182 183 184 185 186 187 188 189 190 191 192 193 194 195 196 197 198 199 200 201 202 203 204 205 206 207 208 209 210 211 212 213 214 215 216 217 218 219 220 221 222 223 224 225 226 227 228 229 230 231 232 233 234 235 236 237 238 239 240 241 242 243 244 245 246 247 248 249 250 251 252 253 254 255 256 257 258 259 260 261 262 263 264 265 266 267 268 269 270 271 272 273 274 275 276 277 278 279 280 281 282 283 284 285 286 287 288 289 290 291 292 293 294 295 296 297 298 299 300 301 302 303 304 305 306 307 308 309 310 311 312 313 314 315 316 317 318 319 320 321 322 323 324 325 326 327 328 329 330 331 332 333 334 335 336 337 338 339 340 341 342 343 344 345 346 347 348 349 350 351 352 353 354 355 356 357 358 359 360 361 362 363 364 365 366 367 368 369 370 371 372 373 374 375 376 377 378 379 380 381 382 383 384 385 386 387 388 389 390 391 392 393 394 395 396 397 398 399 400 401 402 403 404 405 406 407 408 409 410 411 412 413 414 415 416 417 418 419 420 421 422 423 424 425 426 427 428 429 430 431 432 433 434 435 436 437 438 439 440 441 442 443 444 445 446 447 448 449 450 451 452 453 454 455 456 457 458 459 460 461 462 463 464 465 466 467 468 469 470 471 472 473 474 475 476 477 478 479 480 481 482 483 484 485 486 487 488 489 490 491 492 493 494 495 496 497 498 499 500 501 502 503 504 505 506 507 508 509 510 511 512 513 514 515 516 517 518 519 520 521 522 523 524 525 526 527 528 529 530 531 532 533 534 535 536 537 538 539 540 541 542 543 544 545 546 547 548 549 550 551 552 553 554 555 556 557 558 559 560 561 562 563 564 565 566 567 568 569 570 571 572 573 574 575 576 577 578 579 580 581 582 583 584 585 586 587 588 589 590 591 592 593 594 595 596 597 598 599 600 601 602 603 604 605 606 607 608 609 610 611 612 613 614 615 616 617 618 619 620 621 622 623 624 625 626 627 628 629 630 631 632 633 634 635 636 637 638 639 640 641 642 643 644 645 646 647 648 649 650 651 652 653 654 655 656 657 658 659 660 661 662 663 664 665 666 667 668 669 670 671 672 673 674 675 676 677 678 679 680 681 682 683 684 685 686 687 688 689 690 691 692 693 694 695 696 697 698 699 700 701 702 703 704 705 706 707 708 709 710 711 712 713 714 715 716 717 718 719 720 721 722 723 724 725 726 727 728 729 730 731 732 733 734 735 736 737 738 739 740 741 742 743 744 745 746 747 748 749 750 751 752 753 754 755 756 757 758 759 760 761 762 763 764 765 766 767 768 769 770 771 772 773 774 775 776 777 778 779 780 781 782 783 784 785 786 787 788 789 790 791 792 793 794 795 796 797 798 799 800 801 802 803 804 805 806 807 808 809 810 811 812 813 814 815 816 817 818 819 820 821 822 823 824 825 826 827 828 829 830 831 832 833 834 835 836 837 838 839 840 841 842 843 844 845 846 847 848 849 850 851 852 853 854 855 856 857 858 859 860 861 862 863 864 865 866 867 868 869 870 871 872 873 874 875 876 877 878 879 880 881 882 883 884 885 886 887 888 889 890 891 892 893 894 895 896 897 898 899 900 901 902 903 904 905 906 907 908 909 910 911 912 913 914 915 916 917 918 919 920 921 922 923 924 925 926 927 928 929 930 931 932 933 934 935 936 937 938 939 940 941 942 943 944 945 946 947 948 949 950 951 952 953 954 955 956 957 958 959 960 961 962 963 964 965 966 967 968 969 970 971 972 973 974 975 976 977 978 979 980 981 982 983 984 985 986 987 988 989 990 991 992 993 994 995 996 997
4
1 2 3 4
6
1 4 3 2 5 6
999
515 520 752 916 112 611 474 759 495 598 854 409 302 66 984 306 371 229 593 385 333 296 190 87 767 787 84 657 53 845 720 674 289 255 967 687 847 655 926 367 768 310 118 860 460 932 408 620 322 167 234 912 802 151 911 162 127 381 842 688 355 374 974 397 155 169 6 874 434 817 803 95 998 922 360 188 315 311 376 500 43 176 713 373 929 377 99 907 222 741 868 107 581 522 600 392 503 324 429 973 139 833 545 242 557 531 370 681 872 885 614 864 733 36 659 919 132 893 745 490 716 588 164 413 783 286 348 424 651 669 379 533 710 252 473 729 303 300 579 865 701 464 862 430 405 48 542 956 269 97 103 396 756 358 264 980 871 440 661 298 145 529 931 12 934 642 369 714 453 606 882 896 662 94 263 337 630 891 566 468 784 173 336 248 391 208 50 568 485 924 928 948 574 897 331 450 83 972 275 685 156 5 683 161 728 478 809 723 712 299 597 953 914 634 735 731 78 667 432 7 572 352 627 140 829 404 978 836 471 332 577 416 427 933 640 345 797 867 858 449 553 607 878 314 93 644 732 236 214 241 32 206 301 444 406 927 291 769 163 157 238 696 594 365 904 46 417 320 483 552 820 136 637 653 639 678 763 546 20 737 366 480 493 835 477 266 668 256 51 770 153 341 743 638 704 313 999 171 259 425 231 966 938 535 744 353 184 294 580 230 15 801 747 201 297 119 262 81 734 499 126 955 179 158 388 368 544 226 205 445 959 861 850 975 496 775 295 209 658 350 129 790 363 398 887 217 823 347 221 19 191 387 666 344 22 180 316 281 921 873 792 521 204 27 650 818 883 962 182 488 494 455 632 105 159 73 851 108 610 290 144 389 596 71 506 746 502 631 880 957 166 705 133 971 117 433 718 901 777 894 484 810 121 697 879 724 271 910 884 92 457 939 537 516 261 895 635 340 41 730 292 591 489 438 518 211 3 625 39 699 750 227 487 560 9 334 773 876 35 110 660 343 282 652 384 197 170 33 788 977 442 28 86 357 665 986 602 42 605 400 954 753 125 16 517 113 942 583 725 949 482 543 64 899 693 24 267 689 29 742 486 538 447 194 575 796 941 422 920 218 708 558 961 160 419 547 498 272 819 985 293 327 839 249 268 675 459 554 446 11 362 148 834 274 507 900 395 617 526 309 146 479 826 70 633 671 890 573 454 284 131 329 130 325 647 338 694 960 682 615 692 991 378 702 519 319 940 830 578 225 114 428 695 853 55 260 717 88 44 193 936 116 816 778 877 356 616 183 508 995 134 539 410 283 837 172 420 738 589 285 584 437 18 541 946 45 997 104 849 676 411 623 462 709 958 244 14 122 841 21 213 277 423 317 968 72 239 645 628 648 76 852 354 251 511 757 831 304 707 147 501 195 168 649 843 439 403 524 536 758 603 90 224 17 240 549 74 626 287 629 624 766 811 523 89 806 469 755 61 740 278 715 120 793 612 250 415 254 988 913 26 722 857 952 799 505 330 196 390 189 903 38 556 2 143 497 925 435 906 475 150 856 270 935 525 382 233 976 8 412 943 461 470 328 100 23 776 63 228 898 832 463 719 590 138 418 115 59 326 886 917 223 512 764 321 47 937 646 698 192 31 641 608 595 528 215 220 426 727 111 34 534 838 185 232 909 569 37 565 57 859 923 599 945 203 902 636 276 619 855 765 889 451 789 67 212 106 380 654 82 65 821 466 908 265 812 142 540 335 258 137 989 672 786 509 165 673 905 551 68 915 805 491 414 492 622 247 69 101 798 198 364 361 691 149 760 772 586 567 814 643 621 207 827 181 613 881 550 54 421 443 305 970 175 739 582 791 123 840 312 393 969 216 979 781 982 436 243 200 448 199 135 237 950 62 795 983 993 10 178 564 323 308 804 452 892 828 394 749 808 339 40 761 58 514 585 202 109 253 555 128 951 563 990 407 996 177 813 359 510 754 513 604 994 186 60 141 706 703 530 869 785 844 824 383 686 548 342 273 562 288 245 346 527 800 571 618 187 751 504 930 399 351 866 4 472 888 96 774 75 981 77 601 102 174 726 456 307 467 52 576 372 780 56 25 458 85 690 80 559 386 918 609 375 219 965 279 762 670 431 402 771 779 592 587 992 848 154 13 736 700 964 481 30 963 782 870 711 476 235 815 875 318 846 441 656 748 561 152 684 246 825 349 465 401 1 79 257 663 124 794 210 91 987 944 49 807 679 677 680 822 863 532 664 98 947 280 570 721
15
1 7 8 6 5 4 15 9 2 10 11 12 13 14 3
37
1 2 3 4 5 15 7 8 9 10 11 33 13 14 6 16 17 18 19 20 21 22 23 28 25 26 27 24 29 12 31 32 36 34 35 30 37
47
1 22 3 4 19 6 7 8 40 10 43 12 5 14 15 16 34 11 2 26 37 32 23 24 25 13 18 28 29 30 31 33 17 39 35 36 42 21 9 20 41 27 38 44 45 46 47
17
16 2 3 13 10 6 9 1 8 14 7 12 4 11 5 15 17
2
2 1
49
46 2 3 4 5 25 7 8 28 40 49 12 10 14 15 39 17 9 19 20 21 22 23 24 47 26 27 13 29 30 31 33 32 6 35 36 37 38 34 1 11 42 43 44 45 18 16 48 41
998
350 251 803 578 680 832 880 498 779 679 641 215 218 997 455 292 627 377 856 865 326 485 858 278 525 501 380 915 124 805 864 945 568 523 562 388 687 733 631 635 165 852 713 686 238 889 241 873 698 835 65 135 299 753 210 482 964 70 861 85 390 815 784 717 51 701 300 445 252 58 270 291 402 870 857 149 818 532 142 491 932 909 924 736 60 392 365 301 449 137 914 473 112 132 901 682 384 457 575 659 281 163 543 296 353 876 884 329 144 912 551 93 224 508 480 985 695 628 290 898 418 814 657 29 841 487 619 704 757 714 328 94 875 941 52 685 90 404 484 506 738 79 507 109 965 307 952 567 76 246 373 624 795 702 273 913 811 240 809 209 320 197 102 944 41 651 173 406 709 228 466 900 167 863 937 330 316 232 189 930 366 321 317 420 595 971 565 979 179 746 708 625 606 612 327 396 162 354 755 792 289 853 261 598 608 643 720 401 160 55 885 357 222 293 12 583 895 13 968 719 677 213 667 113 821 530 372 170 969 254 989 178 339 282 537 691 723 45 976 158 47 879 859 716 442 150 640 737 338 648 2 69 386 230 287 614 801 394 547 987 203 587 981 772 993 337 489 611 346 71 471 592 155 681 782 781 395 24 403 463 101 234 369 621 422 615 255 605 201 119 72 16 214 541 582 104 461 566 53 67 88 842 839 824 789 591 146 920 580 351 618 446 919 887 794 177 183 340 600 161 182 854 790 816 747 21 195 131 108 176 545 639 408 440 650 804 266 249 233 318 345 840 798 470 341 269 994 512 602 1 310 472 105 198 450 874 212 381 940 950 823 662 897 977 87 181 456 561 283 984 500 227 151 464 771 636 18 706 548 27 358 939 499 97 808 253 534 36 828 61 899 86 555 258 277 196 802 655 558 925 208 73 279 138 756 168 948 333 838 773 741 496 822 785 653 518 603 121 881 184 759 285 783 774 775 519 946 663 943 549 521 436 617 504 514 432 586 570 684 334 837 245 956 700 68 312 731 669 89 355 890 458 908 732 15 367 98 452 637 869 297 787 280 374 766 171 696 642 768 344 271 352 92 893 735 926 645 502 769 115 972 56 786 139 22 740 126 761 267 529 80 844 760 855 715 412 597 8 383 371 26 478 528 434 670 140 143 114 927 923 656 348 683 435 918 780 660 416 426 765 431 599 34 973 25 867 866 503 490 226 574 78 712 387 851 604 235 878 577 891 294 666 103 888 331 607 259 379 430 998 111 589 646 697 393 694 571 399 904 850 368 35 991 990 187 298 148 33 846 438 557 710 633 531 99 800 539 4 826 309 647 295 216 942 661 437 262 806 552 734 306 272 654 886 185 868 497 204 522 319 749 349 417 536 288 193 546 205 896 638 268 194 986 256 286 699 433 311 127 819 284 812 871 152 192 892 17 118 957 970 39 770 573 982 40 376 459 610 332 247 11 468 206 764 477 553 581 250 988 335 166 882 415 593 398 511 123 674 100 517 585 362 428 724 763 542 223 829 448 505 966 935 797 658 711 827 221 903 10 5 274 96 513 439 136 44 37 742 727 949 236 796 974 556 117 467 554 49 616 444 66 154 961 128 995 378 793 191 169 572 675 533 43 130 495 244 64 778 220 207 730 751 237 664 754 825 689 836 916 721 447 454 38 590 475 84 248 141 872 486 411 688 777 810 992 190 325 975 601 788 722 929 54 725 199 405 129 831 421 493 488 862 665 644 520 465 983 469 479 632 375 264 410 424 425 883 743 718 9 516 276 275 423 63 414 483 462 750 305 323 817 200 707 315 153 692 673 343 833 576 257 397 3 336 30 588 845 385 159 744 157 622 834 122 62 324 791 77 620 960 225 413 361 304 726 579 676 389 668 905 758 6 799 813 50 728 441 409 303 342 125 302 951 492 807 569 936 962 938 560 535 42 202 322 494 19 75 23 243 953 59 762 174 31 20 527 526 596 460 74 623 739 48 356 133 106 980 538 242 7 419 652 776 107 211 594 314 544 46 451 540 626 474 955 217 609 363 120 391 172 95 933 678 559 830 910 922 453 82 906 928 110 156 91 28 729 996 515 313 308 963 907 510 83 400 476 509 911 752 180 934 81 902 931 672 847 175 849 382 359 134 584 429 164 32 427 967 407 690 360 843 147 860 959 894 443 629 978 954 820 703 848 921 57 145 671 947 219 229 630 186 481 524 693 748 239 364 958 188 877 263 634 767 370 116 613 260 649 231 564 563 745 265 347 705 917 14 550
998
423 652 756 378 666 454 490 760 659 189 155 585 649 835 175 137 526 916 942 653 753 223 589 448 63 607 961 485 851 762 11 338 312 174 282 679 331 957 98 287 371 708 24 560 38 407 909 691 612 622 179 68 166 981 988 973 923 8 536 584 225 476 329 121 643 714 201 898 986 254 266 587 396 143 952 849 89 341 829 977 879 231 548 876 366 370 896 362 825 594 914 197 631 157 149 355 726 438 930 795 61 305 424 354 953 765 650 92 565 777 551 767 359 647 608 822 32 979 122 864 678 327 692 307 725 109 519 750 463 209 349 67 810 487 755 672 983 683 406 386 75 710 125 194 891 150 845 586 592 486 790 111 475 235 29 861 532 854 479 883 501 582 978 264 364 499 839 662 579 14 376 310 412 991 633 464 459 663 947 457 148 368 523 860 833 180 372 337 492 938 711 928 217 748 739 207 645 215 538 853 559 836 814 698 600 138 685 716 1 508 449 887 674 740 36 610 399 651 509 812 326 140 673 73 379 830 533 172 771 269 498 911 128 962 704 794 110 832 528 428 807 637 931 270 763 447 888 419 601 806 786 635 18 566 242 53 132 284 799 441 872 688 796 114 689 360 862 227 290 465 350 7 946 766 782 535 531 907 573 719 336 764 817 873 315 972 352 906 758 871 805 693 295 452 344 967 933 391 158 239 968 302 348 117 318 700 77 340 874 922 50 477 71 272 314 470 892 732 736 249 48 630 431 3 745 136 258 442 568 102 388 385 439 634 574 667 994 964 660 718 522 135 792 169 4 483 147 926 224 770 890 246 743 467 878 45 996 513 199 30 33 243 49 415 577 206 294 773 858 286 251 834 527 695 56 648 737 915 793 502 252 944 115 321 434 375 324 529 935 163 411 707 821 570 598 418 583 283 311 975 127 881 253 929 588 553 902 616 658 668 390 432 430 395 844 917 569 190 595 90 202 480 435 161 474 856 728 597 515 275 357 987 684 85 804 516 602 31 333 497 300 240 293 966 393 789 713 927 193 466 97 81 91 278 705 182 742 21 261 866 893 530 749 367 119 912 40 803 558 389 146 154 985 107 963 980 200 478 13 867 104 414 868 108 313 690 904 377 768 276 590 105 28 219 940 101 394 956 444 640 785 518 458 218 100 461 813 173 382 741 292 818 506 55 603 562 41 939 88 74 974 334 546 843 15 304 494 572 404 409 168 561 687 170 619 731 900 345 23 133 775 809 697 39 177 244 118 228 936 784 941 495 420 301 857 112 2 629 226 639 152 229 671 445 797 761 46 296 142 69 62 255 35 989 557 134 611 273 747 636 220 401 233 9 319 405 920 232 627 328 772 426 369 686 605 841 335 524 641 729 346 591 556 571 837 614 59 945 484 517 676 450 271 27 702 703 482 848 493 443 204 514 151 507 453 992 317 656 124 6 44 80 19 512 416 624 606 279 642 661 870 26 160 410 120 417 694 299 162 541 774 365 433 96 181 437 950 274 339 682 212 549 16 646 374 363 970 353 94 500 153 919 778 103 322 263 347 64 10 325 309 113 303 78 245 187 285 130 937 191 320 384 306 86 72 910 626 960 211 397 969 123 188 171 664 802 811 885 886 145 554 670 823 421 298 43 709 289 901 456 34 241 539 826 5 628 934 877 894 281 865 95 230 924 126 852 842 620 859 398 596 781 542 380 47 576 82 669 730 540 696 373 400 116 186 216 234 618 787 657 599 943 897 402 262 525 167 183 791 800 701 847 808 511 723 468 488 727 99 361 342 76 801 413 751 921 221 144 638 66 57 976 580 993 159 462 828 440 951 677 471 210 20 850 164 165 998 564 208 51 545 277 17 106 621 544 895 840 788 323 613 997 520 827 12 547 356 491 343 195 884 820 875 724 550 60 291 555 869 984 831 838 481 882 733 392 54 521 297 268 84 460 504 351 744 236 203 42 913 537 65 184 222 552 247 427 819 238 185 139 958 330 422 955 717 505 604 455 436 925 248 846 625 192 752 706 503 563 381 855 675 959 87 472 905 496 205 510 408 316 982 609 681 779 632 654 260 954 815 70 257 593 965 949 746 93 880 971 908 469 721 332 863 623 22 256 932 780 265 757 129 665 288 617 543 358 259 578 824 198 720 176 995 918 948 383 699 58 429 52 425 178 889 734 754 446 644 403 575 214 759 387 899 712 903 798 308 131 237 451 534 990 615 250 280 141 715 267 655 680 567 738 25 489 783 769 37 196 156 83 473 722 581 816 735 79 776 213
998
938 595 742 840 777 233 177 457 946 637 185 140 972 940 471 728 461 137 485 129 952 781 647 704 700 995 537 59 997 975 335 991 207 172 221 599 836 478 998 965 416 909 574 489 441 104 406 328 325 717 481 906 582 624 727 949 376 687 28 127 842 610 279 542 452 953 853 409 770 203 357 540 966 440 502 285 144 356 711 982 448 643 562 684 594 398 460 588 529 297 741 667 242 200 817 862 425 306 282 139 470 345 553 46 795 231 437 163 199 784 696 235 934 531 445 729 119 179 117 893 451 935 434 615 191 639 60 519 20 278 496 844 157 287 399 308 18 750 100 12 579 245 715 77 317 969 209 892 697 272 467 904 682 431 281 804 133 364 342 835 506 337 108 389 706 657 798 510 215 326 258 34 902 348 628 238 7 513 118 218 369 195 885 193 11 873 318 734 547 442 125 571 184 388 182 228 968 430 109 94 374 607 70 763 501 980 33 568 147 981 518 783 517 433 169 300 810 180 633 472 35 971 503 618 396 310 291 196 405 814 106 475 6 622 112 894 429 176 353 886 292 93 673 464 142 596 270 912 791 384 806 544 762 942 387 755 339 171 959 745 898 792 823 782 593 730 543 334 987 247 572 150 692 724 854 410 932 130 63 427 155 99 520 857 76 900 134 670 512 458 227 241 973 852 923 346 90 831 766 216 479 789 881 617 947 98 702 136 876 226 723 632 776 855 535 367 145 187 546 824 567 351 511 808 49 170 837 48 996 456 391 365 693 268 31 360 162 605 257 449 629 159 565 575 102 296 638 174 577 381 322 419 239 663 747 78 71 378 569 336 878 928 653 158 332 368 316 366 181 507 877 990 994 201 841 57 722 358 992 559 350 686 528 250 929 895 255 194 164 818 331 514 664 699 450 225 780 86 135 887 656 504 422 919 229 47 465 428 68 276 644 679 720 868 493 41 516 856 352 731 825 403 476 765 97 879 280 408 237 198 154 865 214 123 631 635 107 515 803 74 45 190 587 714 115 497 591 81 340 395 121 65 597 827 602 330 8 290 598 87 17 871 621 244 407 660 151 796 779 101 15 220 937 760 232 423 815 38 301 509 51 695 738 797 19 672 739 850 44 950 570 674 415 925 748 131 446 918 698 830 205 75 223 402 521 161 370 661 480 168 323 289 178 392 438 417 213 211 128 283 505 625 899 761 685 677 636 383 89 650 114 584 896 563 315 988 27 585 821 72 634 64 267 252 828 319 189 592 576 680 689 889 103 834 771 866 901 926 380 874 744 83 534 733 343 793 321 208 359 491 192 271 976 43 344 549 349 659 141 583 737 53 580 532 538 944 443 88 785 913 447 548 265 85 2 246 453 459 36 920 611 455 665 630 338 933 202 794 768 62 601 917 945 732 124 863 304 224 805 977 463 234 721 54 522 851 870 175 341 604 435 312 219 541 436 527 10 347 126 655 890 907 82 411 832 829 23 954 846 530 746 882 363 716 640 401 166 713 578 466 508 813 354 393 603 812 92 735 974 288 778 486 243 492 847 958 526 826 412 550 833 153 884 84 525 382 58 956 551 718 883 273 333 984 482 111 149 499 394 25 960 307 820 24 759 165 708 707 930 736 79 888 658 444 143 654 50 690 822 413 623 377 311 274 875 985 55 16 116 266 420 614 564 188 668 710 581 483 487 897 91 3 941 561 260 651 355 495 989 138 757 839 849 924 256 790 751 858 705 474 524 253 204 931 424 299 961 609 860 69 555 809 964 861 903 313 5 671 469 397 22 264 212 110 589 962 914 967 302 756 249 262 566 608 105 468 484 167 800 799 922 911 439 156 619 251 880 324 772 217 864 666 662 230 477 905 95 390 970 703 539 719 263 320 421 678 454 545 646 500 298 645 681 554 160 37 327 908 752 4 375 61 986 132 872 649 675 983 753 488 626 294 67 275 314 418 284 758 915 769 774 96 616 811 432 556 943 414 939 627 462 845 186 560 725 309 371 361 426 807 303 652 691 683 183 240 400 712 552 641 916 148 120 236 386 533 740 261 523 286 557 173 775 152 816 52 642 838 42 936 802 248 590 787 859 891 612 498 404 600 927 801 295 754 494 558 921 362 385 709 764 277 606 113 122 910 473 1 869 14 743 254 867 586 613 9 305 955 56 490 963 21 66 648 948 688 979 676 259 701 767 786 951 773 40 73 788 197 146 819 222 13 293 669 30 573 620 993 957 206 210 80 848 694 726 843 269 536 749 372 32 379 978 373 26 329 29 39
10
1 4 3 9 5 6 7 8 2 10
39
35 24 33 4 27 9 1 10 6 30 29 15 21 23 3 5 34 28 32 26 13 37 22 7 19 39 8 16 38 12 36 17 2 18 31 11 20 25 14
3
3 1 2
1000
1 189 3 4 5 797 777 415 9 191 356 746 520 14 15 16 17 18 19 20 549 711 756 24 244 26 177 535 340 30 702 644 33 371 630 517 37 38 160 669 41 983 43 152 127 521 122 721 623 83 638 52 188 930 726 662 617 58 59 593 511 405 498 881 67 219 488 857 69 671 71 619 73 74 367 280 376 78 79 80 133 82 901 706 28 110 45 88 484 164 91 92 512 471 95 947 615 458 243 739 537 27 970 821 13 378 107 108 109 997 515 112 753 486 334 944 162 781 119 120 121 295 205 124 542 126 595 637 129 988 341 863 441 134 574 573 137 487 427 140 141 142 143 144 25 146 147 148 149 665 104 446 153 477 180 156 157 838 269 428 161 68 460 239 581 166 481 802 248 170 473 960 173 174 175 439 866 805 179 89 181 590 183 309 579 186 316 114 972 190 387 713 118 77 202 196 559 759 274 200 201 23 203 435 436 206 207 208 767 106 848 293 832 463 154 264 213 218 302 228 449 222 999 224 499 896 494 50 229 230 62 232 233 932 235 236 705 238 807 355 241 242 216 351 39 60 247 789 96 250 251 158 253 254 48 21 257 258 509 876 268 262 545 237 265 266 864 2 798 723 496 818 273 490 245 701 277 278 291 855 338 450 391 501 576 286 691 952 849 35 626 769 892 294 465 296 649 298 299 61 604 194 303 259 305 306 307 308 796 749 311 315 249 314 40 323 837 318 287 182 321 322 775 324 325 326 327 167 211 115 331 420 55 432 335 336 337 613 339 225 138 342 784 57 345 185 347 998 220 46 285 522 353 354 916 261 357 497 909 360 125 362 363 364 172 217 53 368 369 795 831 372 70 374 375 945 377 804 757 380 81 382 383 384 879 966 54 971 389 390 717 267 393 536 395 396 419 398 399 85 825 402 731 404 320 874 407 950 409 773 411 358 413 193 187 416 417 663 214 528 421 422 890 424 425 729 272 288 429 93 884 192 433 434 996 575 720 438 978 440 830 442 123 444 735 343 447 366 799 426 451 379 350 392 455 456 319 279 459 150 461 462 847 464 163 348 467 968 469 492 616 472 437 474 910 457 31 478 583 480 29 482 483 139 690 609 666 11 568 862 810 86 493 275 822 333 365 891 403 128 851 502 136 346 505 506 507 508 101 608 898 989 584 36 500 516 132 518 519 703 621 159 289 524 525 526 794 959 529 281 758 361 533 534 840 737 454 226 479 76 541 240 543 544 292 546 547 548 470 550 551 552 553 65 34 556 283 513 714 875 561 562 63 564 565 566 344 658 569 570 957 572 32 210 1000 861 880 578 639 894 532 582 684 603 585 586 774 588 667 386 591 592 858 594 176 596 597 598 599 600 601 602 6 812 605 606 135 854 611 610 531 328 612 227 503 221 640 618 940 976 466 911 381 985 625 255 718 628 629 103 256 934 633 72 635 636 558 948 530 924 641 642 624 171 645 646 647 648 885 284 102 652 607 654 651 656 670 523 659 660 661 209 987 664 10 668 117 198 554 489 301 672 673 674 408 676 195 678 679 290 401 682 655 741 685 686 687 688 689 918 620 779 693 694 695 84 445 760 699 860 468 246 771 704 47 400 385 708 145 710 681 939 922 698 715 716 643 823 719 388 212 722 811 724 725 563 727 728 963 929 782 732 733 734 859 736 276 738 22 740 813 742 743 765 745 370 538 748 730 750 418 752 709 754 755 877 485 580 349 836 761 762 763 423 936 766 312 768 927 770 744 772 514 560 631 776 587 778 707 97 197 826 783 622 785 786 764 788 304 790 791 792 793 895 234 64 928 394 475 204 801 165 923 555 653 806 169 808 809 878 116 199 260 814 815 816 817 430 819 820 252 843 406 824 151 751 827 330 829 98 589 677 990 834 835 231 870 632 412 828 223 842 8 844 845 105 540 155 696 850 359 852 853 111 977 856 577 329 130 443 980 453 634 912 865 495 867 868 352 332 871 872 873 841 87 747 42 44 833 263 627 657 883 914 100 886 887 888 504 12 889 527 893 373 476 869 897 712 899 900 414 902 567 75 905 906 907 908 683 680 921 787 913 410 915 571 917 491 919 920 982 951 614 993 925 310 184 692 131 904 931 99 933 697 935 675 937 938 317 51 941 942 943 282 431 946 448 7 949 49 846 66 953 954 955 956 178 958 452 271 961 962 56 964 965 903 967 94 969 297 397 780 973 974 975 882 803 539 979 800 981 839 270 984 557 986 650 90 313 926 991 992 700 994 995 215 168 113 510 300
33
15 2 3 21 13 6 27 24 28 7 11 22 10 19 5 1 16 18 17 20 8 12 25 9 23 26 14 4 29 30 31 32 33
1000
4 878 300 967 236 125 665 570 607 196 934 22 762 324 114 836 230 925 199 553 478 904 586 822 172 498 828 240 712 131 150 508 915 151 730 366 145 520 608 225 344 832 986 813 911 487 930 89 59 624 691 816 428 528 435 521 913 632 863 612 168 980 346 57 651 408 216 749 808 908 661 807 558 968 781 314 378 110 405 842 516 671 512 894 680 964 687 715 948 482 79 546 996 510 626 98 994 122 628 950 962 599 5 866 490 910 829 660 200 448 279 650 885 442 152 826 500 306 594 341 641 940 174 291 538 959 590 837 636 315 359 544 537 301 471 953 621 241 991 357 576 587 584 585 708 148 376 286 387 797 382 312 717 386 101 135 578 812 722 631 290 900 329 851 337 676 777 27 456 778 501 13 732 440 81 190 990 514 830 745 194 249 166 239 364 466 602 206 843 198 549 662 938 564 596 620 882 796 427 522 414 819 444 361 703 824 92 157 44 867 688 504 277 613 839 104 149 183 742 245 489 941 130 880 266 24 809 392 800 397 82 658 25 988 883 6 93 577 395 459 817 288 806 460 644 935 645 979 215 666 205 219 654 731 354 433 141 67 739 108 637 381 887 970 11 7 280 119 439 615 113 186 406 767 709 895 252 118 865 726 365 318 32 506 823 555 55 600 297 189 264 310 12 390 728 385 412 455 71 579 754 710 997 235 48 690 871 355 751 868 218 627 963 802 217 750 574 689 384 294 931 302 485 923 234 87 106 790 343 231 244 410 173 838 533 875 503 595 263 682 417 540 139 476 50 683 491 140 400 14 922 605 562 9 993 313 536 209 720 571 54 103 261 846 322 167 733 611 28 116 60 804 367 932 724 893 943 629 305 78 630 918 727 973 539 462 845 848 132 73 45 257 772 791 34 363 452 311 888 784 212 789 463 974 227 493 475 52 70 810 805 68 69 705 465 774 788 738 551 220 929 736 699 755 995 454 243 933 663 299 640 985 746 771 213 369 580 619 744 163 65 981 158 657 250 675 869 776 718 956 40 684 531 88 443 72 857 449 83 670 21 430 874 393 80 642 415 884 499 242 494 903 271 467 46 451 356 326 700 479 740 17 766 515 334 588 375 161 591 450 497 999 879 674 653 336 725 159 864 765 470 210 649 573 177 123 747 920 391 634 350 982 441 38 861 327 473 292 835 3 550 492 858 685 944 15 794 18 325 773 901 253 169 801 763 95 921 426 616 58 946 496 422 377 276 798 604 753 860 518 955 187 870 26 143 2 41 188 678 296 272 770 323 524 820 411 178 951 793 102 197 181 193 952 969 891 330 598 419 254 563 916 635 638 138 398 332 681 889 437 421 379 677 389 519 729 844 156 223 783 633 643 298 849 961 625 124 567 472 768 401 416 137 926 859 659 702 388 281 673 175 897 757 333 834 295 545 719 42 945 303 434 97 841 85 403 706 228 597 992 701 741 939 971 821 351 799 164 409 287 1 622 358 418 795 255 565 64 581 707 36 399 886 667 39 696 847 453 623 572 905 185 548 987 96 914 723 714 436 827 447 477 609 147 840 488 179 672 786 86 792 557 191 362 274 49 552 270 556 928 606 760 603 734 561 852 340 811 43 468 229 432 831 614 902 146 873 394 237 752 542 424 66 530 23 919 543 233 308 204 438 601 664 458 84 881 304 51 464 483 526 523 898 975 966 353 320 47 134 647 267 373 321 208 265 761 53 686 976 957 513 850 769 877 247 275 105 370 541 692 201 184 743 698 293 505 16 764 154 160 285 554 74 195 618 785 694 833 115 282 372 289 316 348 639 978 283 90 91 592 517 425 697 171 582 111 652 814 695 268 238 502 259 912 872 30 420 63 954 117 942 535 342 756 646 568 423 307 984 120 569 202 775 899 446 20 155 735 559 8 429 407 509 10 56 737 853 413 668 170 284 529 62 347 896 655 374 29 352 711 226 246 258 803 862 534 679 583 960 349 37 1000 431 345 127 76 617 532 486 936 396 128 133 779 35 338 965 335 855 958 511 278 232 251 136 309 99 383 856 404 758 927 203 713 909 221 648 109 207 19 176 182 269 917 782 815 368 507 560 525 704 31 222 153 112 818 566 328 319 162 748 693 317 371 721 547 33 380 445 854 495 787 977 480 907 892 331 224 825 947 780 273 260 656 402 998 77 949 474 248 142 100 469 759 484 924 211 972 589 593 669 461 126 575 180 262 360 144 256 129 890 94 75 457 610 107 339 165 876 983 906 481 121 716 937 214 527 61 192 989
1000
453 2 3 757 906 6 7 8 606 10 11 12 13 14 15 16 480 18 614 20 21 22 23 24 25 832 263 28 494 900 31 32 33 34 35 36 37 38 647 40 41 42 43 509 45 46 47 48 469 831 51 87 53 324 55 56 57 58 59 60 61 762 63 697 65 66 67 68 69 70 71 72 73 74 75 76 528 78 79 621 424 82 83 221 85 691 52 88 89 90 388 458 877 94 95 96 869 639 711 100 101 102 103 104 754 106 107 269 109 110 111 756 113 114 115 116 117 118 503 294 121 122 964 124 125 126 127 128 129 130 131 132 133 134 135 136 412 138 742 596 141 926 143 144 145 146 147 171 149 240 151 489 597 154 265 498 157 158 704 160 161 162 234 164 165 985 167 168 169 925 148 308 173 393 175 301 924 178 386 247 181 182 183 796 185 320 187 188 750 190 191 192 193 438 262 196 197 198 199 200 201 202 203 204 205 408 700 208 209 210 211 212 791 214 798 216 217 218 626 740 84 557 293 224 225 226 227 228 229 230 966 288 233 163 235 236 237 238 890 150 241 242 243 244 245 707 180 248 249 250 644 542 253 254 255 903 345 258 259 260 261 195 27 275 155 266 943 268 108 270 857 272 273 274 264 276 277 278 279 280 281 282 283 284 285 286 853 232 289 290 291 292 223 120 295 296 297 298 299 300 176 302 303 304 305 306 307 172 309 547 311 312 313 314 315 316 317 318 319 186 389 322 353 54 325 839 327 328 507 330 980 650 333 334 335 336 337 338 339 340 341 342 343 344 257 346 347 348 524 350 351 352 323 354 659 356 357 358 359 360 361 362 833 364 365 366 367 368 369 454 371 372 373 544 375 376 377 378 379 380 381 387 383 384 385 179 382 91 321 390 391 826 174 394 395 396 397 670 399 400 611 402 403 601 405 830 407 206 409 579 411 137 413 414 415 416 417 418 419 420 730 422 782 81 425 426 427 428 429 430 431 432 476 434 435 436 437 194 439 470 441 442 443 444 445 446 580 883 449 450 451 452 1 370 734 456 457 92 459 460 461 462 783 464 465 466 467 468 49 440 471 472 473 632 475 433 477 478 479 17 481 482 483 872 485 486 487 488 152 490 491 492 493 29 495 496 497 156 499 983 501 502 119 504 505 506 329 508 44 510 511 512 513 514 515 812 937 518 605 520 521 522 523 349 525 526 527 77 864 530 531 648 533 534 535 536 537 538 539 540 541 252 543 374 545 913 310 548 549 550 822 552 553 554 555 556 222 558 653 560 561 562 563 969 565 972 567 758 569 570 571 572 573 574 575 576 577 578 410 447 581 582 583 584 585 586 587 663 589 590 591 592 593 594 595 140 153 598 599 856 404 602 603 604 519 9 607 608 609 610 401 612 613 19 615 616 617 775 619 620 80 622 623 624 625 219 627 675 629 630 631 474 633 634 638 636 637 635 98 640 641 642 643 251 645 646 39 532 649 332 651 652 559 654 655 656 657 658 355 938 661 662 588 664 919 666 667 668 991 398 671 672 673 674 628 676 677 678 679 680 681 815 845 684 685 686 718 688 689 690 86 692 850 694 695 696 64 698 699 207 701 702 703 159 705 706 246 708 709 710 99 712 713 714 715 716 717 687 719 720 721 722 723 724 725 726 811 955 729 421 731 732 733 455 735 736 737 933 739 220 741 139 743 744 745 746 747 879 749 189 751 752 753 105 755 112 4 568 908 760 761 62 763 764 765 902 767 768 769 770 771 772 773 774 618 948 777 778 779 780 863 423 463 784 785 786 787 788 789 790 213 792 793 794 795 184 797 215 799 876 801 802 803 813 805 806 807 808 809 810 727 516 804 814 682 816 817 818 819 820 821 551 823 824 825 392 827 828 829 406 50 26 363 834 835 836 837 838 326 840 841 842 843 844 683 846 847 848 849 693 851 852 287 854 855 600 271 858 859 860 861 862 781 529 865 866 867 868 97 870 871 484 873 874 875 800 93 878 748 880 881 882 448 884 885 886 887 888 889 239 891 892 893 894 895 896 897 898 899 30 901 766 256 904 905 5 907 759 909 910 911 976 546 914 974 916 917 918 665 920 921 922 923 177 170 142 927 928 929 930 931 932 738 934 935 936 517 660 939 940 941 942 267 944 945 946 947 776 949 950 951 952 953 954 728 956 957 958 959 960 961 962 963 123 965 231 967 968 564 970 971 566 973 915 975 912 977 978 979 331 981 982 500 984 166 986 987 988 989 990 669 992 993 994 995 996 997 998 999 1000
4
2 3 1 4
