100 100 100
-5.89 7.23 -9.00 
7.11 3.29 1.36 
-5.61 -5.33 -9.00 
5.95 -8.74 -5.86 
6.92 1.20 -2.98 
2.38 -4.16 0.59 
-6.21 -4.89 -2.11 
9.13 0.24 0.88 
-5.91 -5.24 7.71 
7.37 4.24 -2.88 
-2.07 -2.22 -7.80 
-0.75 9.01 -5.43 
-5.57 -5.11 -0.30 
6.43 -2.86 9.73 
-0.39 -5.50 -2.46 
8.30 2.58 -8.18 
0.31 9.87 3.20 
5.98 6.65 0.30 
8.29 -3.00 -2.09 
-6.18 -8.72 -1.67 
-7.93 8.74 -1.72 
0.40 -2.04 -7.37 
0.84 -7.63 -0.56 
-6.13 4.82 2.65 
-8.88 -0.96 -7.80 
-7.70 4.70 -3.47 
0.95 -0.31 -7.63 
0.29 1.63 1.52 
-1.11 0.31 4.24 
1.66 8.81 -3.35 
5.11 -5.16 9.55 
-5.69 -4.23 9.69 
4.61 -9.88 -7.60 
-0.53 -3.85 1.08 
2.88 8.21 6.17 
-9.40 5.59 -3.83 
3.38 1.32 -4.88 
-7.38 -7.25 -1.32 
4.44 6.72 6.48 
9.20 8.05 8.83 
4.29 3.41 -1.27 
8.09 -4.40 -8.16 
8.66 -8.70 5.20 
-2.54 -8.48 -4.70 
2.15 -2.98 2.95 
7.76 4.74 -0.42 
4.26 2.21 -7.10 
-1.40 1.94 5.70 
-1.23 -1.59 -1.26 
0.18 -7.69 9.27 
7.04 6.52 2.97 
6.64 -8.27 -8.66 
-8.65 2.12 2.80 
-2.86 4.98 2.03 
5.85 -5.48 1.71 
-1.72 -7.24 7.79 
-0.08 3.69 -3.20 
-4.42 -1.10 0.82 
5.13 8.41 -2.89 
-7.28 -6.19 3.82 
4.33 -2.04 -6.90 
1.36 -5.04 -7.24 
-8.19 -4.24 -2.93 
7.70 3.92 -2.21 
5.69 -5.64 2.49 
4.38 2.41 8.89 
3.05 8.73 4.22 
8.29 -1.06 3.24 
-3.56 -6.02 -1.67 
-7.81 -7.16 -1.59 
4.64 9.05 -0.67 
5.08 -9.49 -0.33 
3.54 0.24 8.55 
3.83 -9.64 -5.45 
9.72 8.29 0.88 
4.03 9.03 -6.35 
-5.27 -6.84 7.29 
9.25 5.61 8.56 
7.23 5.79 -4.70 
3.66 6.57 4.64 
7.54 6.82 -9.04 
6.16 3.03 -5.22 
3.48 7.13 -4.89 
-8.18 -3.61 -1.61 
3.84 3.20 -5.37 
5.77 1.34 1.84 
-3.33 -9.95 1.46 
5.22 -4.50 3.63 
-8.98 -1.74 6.13 
-8.11 2.42 -5.70 
-5.38 7.41 9.30 
-8.93 4.30 -0.27 
4.00 -3.09 -4.17 
1.11 -8.20 2.71 
-3.10 -4.13 1.34 
-5.86 2.43 -3.73 
-9.73 -0.49 -9.18 
8.97 2.47 8.94 
5.58 3.97 6.52 
-5.79 3.62 7.96 
-8.31 -7.25 -8.15 5.09
-5.61 -5.99 8.39 3.05
-7.53 -4.96 -0.98 0.86
6.06 -8.83 -3.05 -3.19
8.31 -4.35 -5.62 2.00
8.21 5.65 9.85 7.97
-9.35 -6.12 1.66 -2.38
-8.88 -9.13 9.59 -2.75
-1.23 -1.50 -2.67 9.81
-2.37 4.12 4.89 -9.45
1.98 -3.46 -9.67 -4.68
-8.71 -6.78 -2.04 -0.30
-7.70 2.90 8.68 -5.96
-7.97 -0.16 -6.88 -5.15
5.44 4.91 2.50 -1.52
-0.80 1.31 -0.61 1.28
-4.90 -5.19 9.54 -4.26
0.58 1.46 -4.14 4.49
4.91 0.34 0.41 -1.32
-2.74 5.32 -2.35 -6.41
3.45 2.84 -2.14 -7.29
-2.37 1.67 8.11 -0.49
-9.05 -1.09 4.53 3.78
1.12 -2.84 -5.36 7.74
1.84 9.64 -0.43 6.54
8.33 6.68 -1.41 4.57
-8.16 -1.84 7.19 3.80
-5.23 9.76 -7.78 2.47
2.19 -2.52 7.29 8.95
3.39 -8.71 -0.78 7.00
-0.14 3.49 -2.07 9.20
1.72 4.74 9.75 -6.12
0.67 -8.76 8.10 6.39
-1.06 2.48 -3.78 -6.89
6.32 -6.87 2.38 3.04
-6.59 2.40 -7.34 -6.96
7.71 2.44 -3.27 9.97
-9.56 2.61 -3.49 -6.97
7.38 5.34 5.20 0.85
-0.57 9.33 8.74 3.12
7.28 -3.84 -1.92 -6.10
8.51 -2.15 -9.36 1.87
5.76 -9.34 6.71 -8.69
0.89 -4.09 9.76 8.78
7.49 9.92 -1.74 9.34
7.80 2.33 6.50 -8.40
1.05 -0.88 -2.82 1.43
2.41 0.87 5.66 5.92
-7.80 -6.73 6.06 9.38
6.80 -2.81 -8.16 -0.51
-4.48 2.10 -8.29 -5.60
-4.32 -9.49 5.69 0.17
9.09 4.20 -9.02 0.24
8.09 -5.54 -9.63 5.05
1.37 5.34 -2.41 -8.49
-9.79 3.11 -9.11 -0.25
3.43 3.04 -7.89 -4.27
-8.91 8.36 -1.41 -2.32
1.64 1.83 -5.73 1.52
-2.34 -5.12 4.87 4.74
4.64 3.30 6.95 0.34
-3.10 -8.29 -0.97 3.50
-6.70 2.77 -8.20 0.04
-0.09 0.50 9.19 1.66
9.13 5.06 6.53 5.48
0.86 5.08 8.46 2.72
-6.81 9.75 4.43 7.18
0.87 -6.94 -0.50 -4.12
6.31 -8.79 -6.46 5.30
4.02 -8.67 0.81 -1.74
-0.73 -4.73 -8.69 1.09
8.59 -5.84 -6.63 -9.07
-5.00 -3.74 3.51 -1.45
-6.21 -3.57 3.75 1.62
9.49 4.29 3.48 -3.53
7.78 1.36 6.47 -8.06
8.29 -9.77 -8.68 0.96
8.81 -3.29 -5.09 8.27
-3.44 5.00 8.06 6.63
-7.59 0.81 -9.89 -5.07
8.99 8.06 4.22 1.76
-1.37 0.39 6.69 9.14
5.55 1.04 9.69 -7.25
1.08 -2.34 -3.53 -8.49
4.87 9.45 5.14 -8.66
-8.15 2.74 -1.27 -5.77
7.04 -4.12 -7.82 -2.61
2.97 -6.35 -9.89 2.51
-5.86 0.82 -3.83 6.42
8.44 6.75 0.10 -7.14
9.67 -2.03 -7.37 -8.26
-8.36 6.10 -1.34 8.19
6.86 1.86 5.39 -5.85
8.99 -2.19 -8.82 -9.05
-7.00 6.75 3.48 5.80
7.58 -7.06 -3.99 8.41
-3.13 8.74 -1.23 -2.99
-0.26 -3.44 0.06 4.47
6.53 -4.52 7.23 1.26
-7.98 1.92 8.30 -6.53
TRANSLATE 0.59 -4.61 4.19
ROTATE 6.67 -9.25 -5.95 12
TRANSLATE 5.93 -4.97 -4.04
ROTATE 1.97 -7.34 7.97 348
ROTATE -2.63 6.44 7.25 69
TRANSLATE 5.21 -2.81 6.59
TRANSLATE 1.35 5.67 -3.54
TRANSLATE -4.35 5.51 -4.75
ROTATE -3.63 0.36 -3.24 12
ROTATE 3.98 7.62 7.42 184
TRANSLATE -4.14 -5.30 8.35
ROTATE -6.16 3.95 -4.38 163
ROTATE -4.16 3.07 -4.29 204
TRANSLATE -6.28 -2.37 -2.40
SCALE 0.92 0.96 1.04
TRANSLATE -1.17 -9.86 0.79
TRANSLATE -4.94 7.26 -4.11
ROTATE 0.61 -2.46 -0.36 160
TRANSLATE 1.93 -2.24 -9.47
ROTATE 3.96 -8.19 -9.72 298
ROTATE -7.78 -8.76 2.91 55
SCALE 0.92 0.97 0.96
SCALE 0.90 1.08 1.04
TRANSLATE -8.01 -5.51 6.44
TRANSLATE -0.30 -4.02 -2.20
TRANSLATE -1.71 -1.58 8.95
TRANSLATE 0.47 6.67 -4.59
TRANSLATE 1.10 6.39 3.96
ROTATE 8.21 -0.66 3.38 354
ROTATE -9.30 -2.35 9.98 6
SCALE 0.94 0.94 1.00
ROTATE -6.73 -2.71 -3.62 212
ROTATE -8.19 -8.10 7.47 252
ROTATE 0.88 -1.84 5.66 225
SCALE 1.09 1.09 0.98
ROTATE -6.73 -7.40 1.10 139
TRANSLATE 7.45 -4.30 8.94
ROTATE -2.83 -6.45 -3.83 359
SCALE 1.08 1.02 1.06
ROTATE -4.75 9.07 6.72 261
TRANSLATE 7.96 -5.14 0.86
ROTATE -4.70 -0.42 -7.17 96
ROTATE 9.46 2.26 6.58 170
ROTATE -7.74 -0.42 -9.50 194
ROTATE -8.83 1.26 3.09 33
ROTATE -2.23 -5.47 8.79 107
TRANSLATE 1.87 5.55 -4.98
ROTATE -6.83 1.80 9.32 164
TRANSLATE 5.03 4.20 8.31
TRANSLATE 9.58 1.00 -3.93
SCALE 1.02 1.08 0.97
ROTATE 4.40 0.43 -1.32 317
ROTATE -1.34 -2.86 4.96 123
TRANSLATE -6.70 -9.73 5.12
TRANSLATE -6.31 1.40 5.23
TRANSLATE 7.93 6.33 -3.51
TRANSLATE -3.86 0.48 4.60
TRANSLATE 5.21 4.92 -3.23
TRANSLATE 8.37 -6.09 -1.85
TRANSLATE -7.48 9.29 4.18
ROTATE 2.49 5.14 3.41 297
SCALE 0.91 1.07 0.97
ROTATE -5.43 -2.67 5.70 75
TRANSLATE -5.42 1.91 3.91
ROTATE -7.11 -6.51 8.61 159
ROTATE 0.55 4.47 -3.04 142
ROTATE -2.94 -3.07 7.25 268
ROTATE -0.31 4.57 -0.06 18
ROTATE 8.20 -8.75 6.00 22
TRANSLATE 1.81 -2.77 -8.07
ROTATE -0.53 8.85 -3.65 69
TRANSLATE 4.40 0.22 -2.23
ROTATE -2.97 -7.19 -2.41 233
ROTATE 2.39 2.79 7.61 145
ROTATE 6.66 -6.55 -2.70 289
TRANSLATE 0.23 -9.80 -8.15
TRANSLATE -7.64 2.62 -2.71
ROTATE -2.61 8.12 -2.86 184
TRANSLATE -6.24 7.72 2.70
ROTATE -7.88 0.99 -1.79 343
ROTATE -2.22 -3.62 -1.22 0
ROTATE 7.14 -5.99 -9.87 132
ROTATE -4.17 4.57 7.03 12
ROTATE -0.39 -2.82 -0.26 337
ROTATE -0.55 -6.55 9.42 352
ROTATE 3.69 7.26 -8.05 320
TRANSLATE -7.12 4.61 8.12
ROTATE -0.95 5.89 -2.50 108
SCALE 0.98 1.07 0.94
TRANSLATE -3.01 2.58 5.80
SCALE 1.00 1.08 0.95
ROTATE -3.82 -6.93 -6.99 342
TRANSLATE -6.25 6.35 -0.02
TRANSLATE -3.68 -4.21 7.76
TRANSLATE -4.57 3.93 -5.90
SCALE 0.98 0.93 1.08
TRANSLATE 5.75 9.47 -9.68
TRANSLATE 2.27 8.44 -4.76
ROTATE -7.54 -7.10 -2.11 347
SCALE 0.99 1.07 0.91
