3
1.00 1.00 2.00
3 1
1 3
0 0
3
0.00 0.00 2.00
2 0
0 2
-1 -1
4
1.00 1.00 2.00
1 0
1 -1
3 -3
3 2
4
0.00 0.00 2.00
0 -1
0 -2
2 -4
2 1
2
1.00 1.00 2.00
-3 -3
5 5
2
0.00 0.00 2.00
-4 -4
4 4
2
1.00 1.00 2.00
3 1
6 -2
2
0.00 0.00 2.00
2 0
5 -3
3
1.00 1.00 2.00
3 1
6 -2
9 0
3
0.00 0.00 2.00
2 0
5 -3
8 -1
2
1.00 1.00 2.00
6 -2
9 0
2
0.00 0.00 2.00
5 -3
8 -1
4
1.00 1.00 2.00
5 1
1 5
-3 1
1 -3
4
0.00 0.00 2.00
4 0
0 4
-4 0
0 -4
4
1.00 1.00 2.00
3.5 1
1 3.5
-1.5 1
1 -1.5
4
0.00 0.00 2.00
2.5 0
0 2.5
-2.5 0
0 -2.5
2
1.00 1.00 2.00
0 0
3 3
2
0.00 0.00 2.00
-1 -1
2 2
